"Sweep","GRF0SumVN","GRF0SumMLN","GRF0SumHzN"
22712,0.0112897662337662,0.0099625065934066,0.0114076607392607
22713,0.00987536623376623,0.0086114065934066,0.0114076607392607
22714,0.00987536623376623,0.0072603065934066,0.0128630607392607
22715,0.00775376623376623,0.0072603065934066,0.0143184607392607
22716,0.0105825662337662,0.0072603065934066,0.0157738607392607
22717,0.0105825662337662,0.0072603065934066,0.0157738607392607
22718,0.0105825662337662,0.0086114065934066,0.0143184607392607
22719,0.0112897662337662,0.0086114065934066,0.0172292607392607
22720,0.0119969662337662,0.0099625065934066,0.0157738607392607
22721,0.0119969662337662,0.0086114065934066,0.0143184607392607
22722,0.0119969662337662,0.0086114065934066,0.0128630607392607
22723,0.0155329662337662,0.0126647065934066,0.0114076607392607
22724,0.0162401662337662,0.0140158065934066,0.00704146073926074
22725,0.0176545662337662,0.0180691065934066,0.00267526073926074
22726,0.0183617662337662,0.0248246065934066,0.00121986073926074
22727,0.0176545662337662,0.0275268065934066,-0.00314633926073926
22728,0.0190689662337662,0.0315801065934066,-0.00751253926073926
22729,0.0204833662337662,0.0329312065934066,-0.0118787392607393
22730,0.0226049662337662,0.0329312065934066,-0.0147895392607393
22731,0.0218977662337662,0.0369845065934066,-0.0162449392607393
22732,0.0197761662337662,0.0329312065934066,-0.0147895392607393
22733,0.0190689662337662,0.0288779065934066,-0.0133341392607393
22734,0.0141185662337662,0.0221224065934066,-0.0104233392607393
22735,0.00563216623376623,0.0126647065934066,-0.00460173926073926
22736,-0.00426863376623377,0.00185590659340659,0.00267526073926074
22737,-0.0134622337662338,-0.0103039934065934,0.0114076607392607
22738,-0.0226558337662338,-0.0170594934065934,0.0215954607392607
22739,-0.0283134337662338,-0.0251660934065934,0.0245062607392607
22740,-0.0339710337662338,-0.0292193934065934,0.0288724607392607
22741,-0.0360926337662338,-0.0332726934065934,0.0288724607392607
22742,-0.0367998337662338,-0.0359748934065934,0.0274170607392607
22743,-0.0353854337662338,-0.0359748934065934,0.0259616607392607
22744,-0.0318494337662338,-0.0359748934065934,0.0186846607392607
22745,-0.0318494337662338,-0.0319215934065934,0.0157738607392607
22746,-0.0318494337662338,-0.0319215934065934,0.00995226073926074
22747,-0.0290206337662338,-0.0305704934065934,0.00413066073926074
22748,-0.0261918337662338,-0.0278682934065934,-0.00314633926073926
22749,-0.0226558337662338,-0.0238149934065934,-0.00896793926073926
22750,-0.0205342337662338,-0.0211127934065934,-0.0162449392607393
22751,-0.0191198337662338,-0.0184105934065934,-0.0220665392607393
22752,-0.0177054337662338,-0.0157083934065934,-0.0191557392607393
22753,-0.0169982337662338,-0.0130061934065934,-0.0206111392607393
22754,-0.0162910337662338,-0.0116550934065934,-0.0220665392607393
22755,-0.0155838337662338,-0.0116550934065934,-0.0220665392607393
22756,-0.0169982337662338,-0.0089528934065934,-0.0206111392607393
22757,-0.0155838337662338,-0.00760179340659341,-0.0206111392607393
22758,-0.0162910337662338,-0.0103039934065934,-0.0220665392607393
22759,-0.0148766337662338,-0.0062506934065934,-0.0206111392607393
22760,-0.0169982337662338,-0.00760179340659341,-0.0206111392607393
22761,-0.0162910337662338,-0.0062506934065934,-0.0177003392607393
22762,-0.0177054337662338,-0.00760179340659341,-0.0147895392607393
22763,-0.0155838337662338,-0.0062506934065934,-0.0104233392607393
22764,-0.0184126337662338,-0.0062506934065934,-0.00896793926073926
22765,-0.0198270337662338,-0.0089528934065934,-0.00605713926073926
22766,-0.0219486337662338,-0.0130061934065934,-0.000235539260739261
22767,-0.0247774337662338,-0.0170594934065934,0.00267526073926074
22768,-0.0276062337662338,-0.0197616934065934,0.00413066073926074
22769,-0.0325566337662338,-0.0224638934065934,0.00995226073926074
22770,-0.0346782337662338,-0.0278682934065934,0.0114076607392607
22771,-0.0367998337662338,-0.0305704934065934,0.0186846607392607
22772,-0.0375070337662338,-0.0346237934065934,0.0215954607392607
22773,-0.0382142337662338,-0.0305704934065934,0.0230508607392607
22774,-0.0375070337662338,-0.0292193934065934,0.0230508607392607
22775,-0.0318494337662338,-0.0265171934065934,0.0172292607392607
22776,-0.0261918337662338,-0.0211127934065934,0.0128630607392607
22777,-0.0184126337662338,-0.0116550934065934,0.00267526073926074
22778,-0.00709743376623376,0.00185590659340659,-0.00896793926073926
22779,0.00421776623376623,0.0099625065934066,-0.0147895392607393
22780,0.0155329662337662,0.0207713065934066,-0.0249773392607393
22781,0.0197761662337662,0.0302290065934066,-0.0293435392607393
22782,0.0254337662337662,0.0342823065934066,-0.0351651392607393
22783,0.0261409662337662,0.0342823065934066,-0.0337097392607393
22784,0.0254337662337662,0.0369845065934066,-0.0307989392607393
22785,0.0282625662337662,0.0356334065934066,-0.0264327392607393
22786,0.0289697662337662,0.0342823065934066,-0.0235219392607393
22787,0.0275553662337662,0.0329312065934066,-0.0206111392607393
22788,0.0247265662337662,0.0329312065934066,-0.0147895392607393
22789,0.0218977662337662,0.0275268065934066,-0.00751253926073926
22790,0.0204833662337662,0.0248246065934066,-0.00169093926073926
22791,0.0155329662337662,0.0221224065934066,0.00413066073926074
22792,0.0127041662337662,0.0194202065934066,0.00704146073926074
22793,0.00987536623376623,0.0140158065934066,0.0128630607392607
22794,0.00492496623376624,0.0126647065934066,0.0157738607392607
22795,0.00280336623376624,0.0113136065934066,0.0172292607392607
22796,0.00280336623376624,0.0086114065934066,0.0186846607392607
22797,0.00351056623376624,0.00590920659340659,0.0186846607392607
22798,0.00421776623376623,0.00590920659340659,0.0215954607392607
22799,0.00421776623376623,0.0072603065934066,0.0201400607392607
22800,0.00421776623376623,0.00590920659340659,0.0215954607392607
22801,0.00633936623376623,0.0086114065934066,0.0259616607392607
22802,0.00563216623376623,0.0072603065934066,0.0215954607392607
22803,0.00633936623376623,0.0086114065934066,0.0186846607392607
22804,0.00846096623376623,0.00590920659340659,0.0157738607392607
22805,0.00916816623376623,0.0086114065934066,0.0128630607392607
22806,0.0112897662337662,0.0086114065934066,0.0114076607392607
22807,0.0148257662337662,0.0126647065934066,0.00704146073926074
22808,0.0155329662337662,0.0140158065934066,0.00121986073926074
22809,0.0204833662337662,0.0167180065934066,-0.00460173926073926
22810,0.0211905662337662,0.0194202065934066,-0.00896793926073926
22811,0.0233121662337662,0.0234735065934066,-0.0118787392607393
22812,0.0247265662337662,0.0234735065934066,-0.0191557392607393
22813,0.0282625662337662,0.0261757065934066,-0.0249773392607393
22814,0.0282625662337662,0.0315801065934066,-0.0220665392607393
22815,0.0289697662337662,0.0288779065934066,-0.0235219392607393
22816,0.0261409662337662,0.0275268065934066,-0.0206111392607393
22817,0.0204833662337662,0.0234735065934066,-0.0191557392607393
22818,0.0155329662337662,0.0153669065934066,-0.0118787392607393
22819,0.00633936623376623,0.00455810659340659,-0.00460173926073926
22820,-0.00285423376623377,-0.0062506934065934,0.00558606073926074
22821,-0.0127550337662338,-0.0170594934065934,0.0143184607392607
22822,-0.0198270337662338,-0.0265171934065934,0.0201400607392607
22823,-0.0254846337662338,-0.0305704934065934,0.0230508607392607
22824,-0.0276062337662338,-0.0359748934065934,0.0245062607392607
22825,-0.0276062337662338,-0.0359748934065934,0.0259616607392607
22826,-0.0290206337662338,-0.0373259934065934,0.0259616607392607
22827,-0.0261918337662338,-0.0359748934065934,0.0215954607392607
22828,-0.0254846337662338,-0.0332726934065934,0.0172292607392607
22829,-0.0247774337662338,-0.0292193934065934,0.0128630607392607
22830,-0.0233630337662338,-0.0278682934065934,0.00849686073926074
22831,-0.0205342337662338,-0.0265171934065934,0.00413066073926074
22832,-0.0205342337662338,-0.0224638934065934,-0.00169093926073926
22833,-0.0191198337662338,-0.0197616934065934,-0.0104233392607393
22834,-0.0141694337662338,-0.0170594934065934,-0.00896793926073926
22835,-0.0141694337662338,-0.0143572934065934,-0.0104233392607393
22836,-0.0127550337662338,-0.0130061934065934,-0.0118787392607393
22837,-0.0148766337662338,-0.0116550934065934,-0.0118787392607393
22838,-0.0127550337662338,-0.0130061934065934,-0.0104233392607393
22839,-0.0113406337662338,-0.0089528934065934,-0.0104233392607393
22840,-0.0134622337662338,-0.0103039934065934,-0.0104233392607393
22841,-0.0120478337662338,-0.0103039934065934,-0.0118787392607393
22842,-0.0120478337662338,-0.00760179340659341,-0.0104233392607393
22843,-0.0113406337662338,-0.0089528934065934,-0.0118787392607393
22844,-0.0106334337662338,-0.0116550934065934,-0.00896793926073926
22845,-0.00992623376623377,-0.0103039934065934,-0.0104233392607393
22846,-0.00921903376623377,-0.0103039934065934,-0.0133341392607393
22847,-0.00921903376623377,-0.0116550934065934,-0.00751253926073926
22848,-0.00921903376623377,-0.0143572934065934,-0.00460173926073926
22849,-0.0106334337662338,-0.0130061934065934,-0.00169093926073926
22850,-0.0127550337662338,-0.0197616934065934,0.00267526073926074
22851,-0.0155838337662338,-0.0197616934065934,0.00413066073926074
22852,-0.0191198337662338,-0.0211127934065934,0.00849686073926074
22853,-0.0205342337662338,-0.0238149934065934,0.00849686073926074
22854,-0.0240702337662338,-0.0278682934065934,0.0114076607392607
22855,-0.0261918337662338,-0.0319215934065934,0.0157738607392607
22856,-0.0268990337662338,-0.0292193934065934,0.0172292607392607
22857,-0.0247774337662338,-0.0278682934065934,0.0172292607392607
22858,-0.0233630337662338,-0.0251660934065934,0.0157738607392607
22859,-0.0169982337662338,-0.0211127934065934,0.0143184607392607
22860,-0.00992623376623377,-0.0130061934065934,0.00704146073926074
22861,0.00138896623376623,-0.00219739340659341,-0.00314633926073926
22862,0.0141185662337662,0.0126647065934066,-0.0118787392607393
22863,0.0218977662337662,0.0221224065934066,-0.0206111392607393
22864,0.0282625662337662,0.0288779065934066,-0.0278881392607393
22865,0.0310913662337662,0.0342823065934066,-0.0307989392607393
22866,0.0353345662337662,0.0369845065934066,-0.0307989392607393
22867,0.0367489662337662,0.0369845065934066,-0.0278881392607393
22868,0.0388705662337662,0.0383356065934066,-0.0249773392607393
22869,0.0367489662337662,0.0369845065934066,-0.0191557392607393
22870,0.0360417662337662,0.0356334065934066,-0.0147895392607393
22871,0.0317985662337662,0.0315801065934066,-0.00896793926073926
22872,0.0289697662337662,0.0302290065934066,-0.00605713926073926
22873,0.0247265662337662,0.0288779065934066,0.00121986073926074
22874,0.0218977662337662,0.0221224065934066,0.00413066073926074
22875,0.0162401662337662,0.0207713065934066,0.00704146073926074
22876,0.0119969662337662,0.0180691065934066,0.0114076607392607
22877,0.00916816623376623,0.0153669065934066,0.0114076607392607
22878,0.00563216623376623,0.0153669065934066,0.0143184607392607
22879,0.00421776623376623,0.0153669065934066,0.0114076607392607
22880,0.00209616623376623,0.0113136065934066,0.0157738607392607
22881,0.000681766233766236,0.0099625065934066,0.0157738607392607
22882,0.00209616623376623,0.0113136065934066,0.0157738607392607
22883,0.00351056623376624,0.0113136065934066,0.0143184607392607
22884,0.00563216623376623,0.0113136065934066,0.0201400607392607
22885,0.00633936623376623,0.0153669065934066,0.0143184607392607
22886,0.00846096623376623,0.0126647065934066,0.0157738607392607
22887,0.00987536623376623,0.0140158065934066,0.0143184607392607
22888,0.0119969662337662,0.0153669065934066,0.0143184607392607
22889,0.0119969662337662,0.0140158065934066,0.0114076607392607
22890,0.0134113662337662,0.0180691065934066,0.00558606073926074
22891,0.0169473662337662,0.0194202065934066,0.00267526073926074
22892,0.0204833662337662,0.0207713065934066,-0.00314633926073926
22893,0.0233121662337662,0.0248246065934066,-0.00751253926073926
22894,0.0247265662337662,0.0288779065934066,-0.0118787392607393
22895,0.0282625662337662,0.0315801065934066,-0.0162449392607393
22896,0.0289697662337662,0.0315801065934066,-0.0206111392607393
22897,0.0268481662337662,0.0329312065934066,-0.0249773392607393
22898,0.0268481662337662,0.0302290065934066,-0.0293435392607393
22899,0.0254337662337662,0.0275268065934066,-0.0307989392607393
22900,0.0240193662337662,0.0248246065934066,-0.0264327392607393
22901,0.0155329662337662,0.0167180065934066,-0.0264327392607393
22902,0.00775376623376623,0.00590920659340659,-0.0191557392607393
22903,-0.00497583376623377,-0.0062506934065934,-0.00896793926073926
22904,-0.0127550337662338,-0.0157083934065934,0.00413066073926074
22905,-0.0205342337662338,-0.0251660934065934,0.00849686073926074
22906,-0.0254846337662338,-0.0305704934065934,0.0143184607392607
22907,-0.0261918337662338,-0.0359748934065934,0.0157738607392607
22908,-0.0290206337662338,-0.0386770934065934,0.0143184607392607
22909,-0.0283134337662338,-0.0386770934065934,0.0157738607392607
22910,-0.0276062337662338,-0.0386770934065934,0.0128630607392607
22911,-0.0283134337662338,-0.0359748934065934,0.00849686073926074
22912,-0.0254846337662338,-0.0359748934065934,0.0114076607392607
22913,-0.0254846337662338,-0.0319215934065934,0.00849686073926074
22914,-0.0226558337662338,-0.0305704934065934,0.00121986073926074
22915,-0.0212414337662338,-0.0265171934065934,-0.00169093926073926
22916,-0.0184126337662338,-0.0211127934065934,-0.00314633926073926
22917,-0.0177054337662338,-0.0211127934065934,-0.00751253926073926
22918,-0.0169982337662338,-0.0170594934065934,-0.00896793926073926
22919,-0.0155838337662338,-0.0157083934065934,-0.0118787392607393
22920,-0.0141694337662338,-0.0143572934065934,-0.0133341392607393
22921,-0.0155838337662338,-0.0130061934065934,-0.0118787392607393
22922,-0.0162910337662338,-0.0130061934065934,-0.0133341392607393
22923,-0.0184126337662338,-0.0143572934065934,-0.0133341392607393
22924,-0.0177054337662338,-0.0103039934065934,-0.0133341392607393
22925,-0.0177054337662338,-0.0103039934065934,-0.0118787392607393
22926,-0.0169982337662338,-0.0089528934065934,-0.0104233392607393
22927,-0.0162910337662338,-0.0089528934065934,-0.0118787392607393
22928,-0.0169982337662338,-0.00760179340659341,-0.0118787392607393
22929,-0.0162910337662338,-0.00489959340659341,-0.00751253926073926
22930,-0.0162910337662338,-0.0062506934065934,-0.00605713926073926
22931,-0.0169982337662338,-0.0062506934065934,-0.000235539260739261
22932,-0.0169982337662338,-0.0103039934065934,0.00267526073926074
22933,-0.0184126337662338,-0.0143572934065934,0.00558606073926074
22934,-0.0212414337662338,-0.0184105934065934,0.00995226073926074
22935,-0.0233630337662338,-0.0238149934065934,0.0128630607392607
22936,-0.0254846337662338,-0.0278682934065934,0.0143184607392607
22937,-0.0261918337662338,-0.0292193934065934,0.0186846607392607
22938,-0.0290206337662338,-0.0319215934065934,0.0215954607392607
22939,-0.0311422337662338,-0.0332726934065934,0.0230508607392607
22940,-0.0304350337662338,-0.0332726934065934,0.0259616607392607
22941,-0.0283134337662338,-0.0319215934065934,0.0245062607392607
22942,-0.0233630337662338,-0.0238149934065934,0.0201400607392607
22943,-0.0169982337662338,-0.0184105934065934,0.0128630607392607
22944,-0.00921903376623377,-0.0089528934065934,0.00121986073926074
22945,0.00209616623376623,0.00320700659340659,-0.00896793926073926
22946,0.00987536623376623,0.0153669065934066,-0.0206111392607393
22947,0.0176545662337662,0.0234735065934066,-0.0249773392607393
22948,0.0218977662337662,0.0315801065934066,-0.0293435392607393
22949,0.0268481662337662,0.0329312065934066,-0.0322543392607393
22950,0.0303841662337662,0.0369845065934066,-0.0278881392607393
22951,0.0289697662337662,0.0396867065934066,-0.0278881392607393
22952,0.0296769662337662,0.0383356065934066,-0.0264327392607393
22953,0.0261409662337662,0.0369845065934066,-0.0220665392607393
22954,0.0261409662337662,0.0369845065934066,-0.0162449392607393
22955,0.0247265662337662,0.0356334065934066,-0.0104233392607393
22956,0.0240193662337662,0.0302290065934066,-0.00314633926073926
22957,0.0183617662337662,0.0288779065934066,0.00121986073926074
22958,0.0141185662337662,0.0234735065934066,0.00704146073926074
22959,0.0112897662337662,0.0207713065934066,0.0143184607392607
22960,0.00704656623376623,0.0153669065934066,0.0172292607392607
22961,0.00492496623376624,0.0167180065934066,0.0201400607392607
22962,0.00351056623376624,0.0126647065934066,0.0186846607392607
22963,0.00209616623376623,0.0099625065934066,0.0201400607392607
22964,0.00280336623376624,0.0086114065934066,0.0186846607392607
22965,0.00209616623376623,0.0086114065934066,0.0186846607392607
22966,0.00138896623376623,0.0072603065934066,0.0303278607392607
22967,0.00209616623376623,0.0072603065934066,0.0201400607392607
22968,0.00209616623376623,0.0072603065934066,0.0215954607392607
22969,0.00492496623376624,0.0086114065934066,0.0172292607392607
22970,0.00563216623376623,0.0086114065934066,0.0186846607392607
22971,0.00775376623376623,0.0099625065934066,0.0172292607392607
22972,0.00987536623376623,0.0126647065934066,0.0143184607392607
22973,0.0119969662337662,0.0126647065934066,0.00995226073926074
22974,0.0155329662337662,0.0167180065934066,0.00267526073926074
22975,0.0204833662337662,0.0221224065934066,0.00267526073926074
22976,0.0240193662337662,0.0248246065934066,-0.00314633926073926
22977,0.0247265662337662,0.0275268065934066,-0.00896793926073926
22978,0.0275553662337662,0.0329312065934066,-0.0118787392607393
22979,0.0325057662337662,0.0329312065934066,-0.0147895392607393
22980,0.0325057662337662,0.0356334065934066,-0.0177003392607393
22981,0.0332129662337662,0.0342823065934066,-0.0206111392607393
22982,0.0289697662337662,0.0315801065934066,-0.0235219392607393
22983,0.0254337662337662,0.0302290065934066,-0.0220665392607393
22984,0.0197761662337662,0.0234735065934066,-0.0177003392607393
22985,0.0127041662337662,0.0126647065934066,-0.00896793926073926
22986,0.00280336623376624,0.000504806593406593,0.00121986073926074
22987,-0.00639023376623377,-0.0103039934065934,0.0114076607392607
22988,-0.0134622337662338,-0.0211127934065934,0.0201400607392607
22989,-0.0205342337662338,-0.0278682934065934,0.0259616607392607
22990,-0.0226558337662338,-0.0346237934065934,0.0274170607392607
22991,-0.0226558337662338,-0.0359748934065934,0.0303278607392607
22992,-0.0226558337662338,-0.0373259934065934,0.0288724607392607
22993,-0.0205342337662338,-0.0386770934065934,0.0259616607392607
22994,-0.0191198337662338,-0.0346237934065934,0.0230508607392607
22995,-0.0155838337662338,-0.0319215934065934,0.0186846607392607
22996,-0.0148766337662338,-0.0292193934065934,0.0143184607392607
22997,-0.0120478337662338,-0.0278682934065934,0.00995226073926074
22998,-0.00851183376623376,-0.0238149934065934,0.00121986073926074
22999,-0.00639023376623377,-0.0211127934065934,-0.00314633926073926
23000,-0.00426863376623377,-0.0170594934065934,-0.00896793926073926
23001,-0.00214703376623377,-0.0116550934065934,-0.00751253926073926
23002,-0.00214703376623377,-0.0130061934065934,-0.0118787392607393
23003,-0.000732633766233767,-0.0116550934065934,-0.0177003392607393
23004,-0.00285423376623377,-0.0116550934065934,-0.0104233392607393
23005,-0.00214703376623377,-0.0103039934065934,-0.0104233392607393
23006,-0.00356143376623377,-0.0089528934065934,-0.0104233392607393
23007,-0.00497583376623377,-0.0103039934065934,-0.0104233392607393
23008,-0.00426863376623377,-0.0116550934065934,-0.00896793926073926
23009,-0.00497583376623377,-0.0116550934065934,-0.0104233392607393
23010,-0.00356143376623377,-0.0089528934065934,-0.0104233392607393
23011,-0.00285423376623377,-0.00760179340659341,-0.00896793926073926
23012,-0.00214703376623377,-0.0116550934065934,-0.00896793926073926
23013,-0.00285423376623377,-0.0130061934065934,-0.00751253926073926
23014,-0.00356143376623377,-0.0116550934065934,-0.00314633926073926
23015,-0.00285423376623377,-0.0157083934065934,-0.00314633926073926
23016,-0.00568303376623376,-0.0170594934065934,-0.000235539260739261
23017,-0.00851183376623376,-0.0197616934065934,0.00121986073926074
23018,-0.00780463376623377,-0.0211127934065934,0.00704146073926074
23019,-0.0106334337662338,-0.0251660934065934,0.00995226073926074
23020,-0.0134622337662338,-0.0251660934065934,0.0114076607392607
23021,-0.0155838337662338,-0.0305704934065934,0.0157738607392607
23022,-0.0184126337662338,-0.0305704934065934,0.0186846607392607
23023,-0.0219486337662338,-0.0319215934065934,0.0186846607392607
23024,-0.0233630337662338,-0.0305704934065934,0.0172292607392607
23025,-0.0198270337662338,-0.0251660934065934,0.0114076607392607
23026,-0.0148766337662338,-0.0197616934065934,0.00704146073926074
23027,-0.00639023376623377,-0.0116550934065934,-0.000235539260739261
23028,0.00138896623376623,-0.000846293406593406,-0.0133341392607393
23029,0.0127041662337662,0.0113136065934066,-0.0220665392607393
23030,0.0176545662337662,0.0194202065934066,-0.0278881392607393
23031,0.0247265662337662,0.0275268065934066,-0.0322543392607393
23032,0.0275553662337662,0.0342823065934066,-0.0337097392607393
23033,0.0310913662337662,0.0342823065934066,-0.0366205392607393
23034,0.0325057662337662,0.0342823065934066,-0.0322543392607393
23035,0.0346273662337662,0.0342823065934066,-0.0293435392607393
23036,0.0346273662337662,0.0315801065934066,-0.0249773392607393
23037,0.0332129662337662,0.0288779065934066,-0.0206111392607393
23038,0.0339201662337662,0.0275268065934066,-0.0147895392607393
23039,0.0310913662337662,0.0234735065934066,-0.00896793926073926
23040,0.0289697662337662,0.0207713065934066,-0.00460173926073926
23041,0.0254337662337662,0.0207713065934066,-0.00169093926073926
23042,0.0211905662337662,0.0167180065934066,0.00267526073926074
23043,0.0176545662337662,0.0167180065934066,0.00413066073926074
23044,0.0141185662337662,0.0113136065934066,0.00849686073926074
23045,0.0127041662337662,0.0113136065934066,0.00704146073926074
23046,0.00916816623376623,0.0099625065934066,0.0114076607392607
23047,0.00916816623376623,0.0099625065934066,0.0114076607392607
23048,0.00775376623376623,0.0099625065934066,0.0114076607392607
23049,0.00563216623376623,0.0099625065934066,0.0114076607392607
23050,0.00563216623376623,0.0086114065934066,0.0128630607392607
23051,0.00351056623376624,0.0086114065934066,0.0143184607392607
23052,0.00421776623376623,0.0072603065934066,0.0128630607392607
23053,0.00563216623376623,0.00590920659340659,0.0128630607392607
23054,0.00775376623376623,0.00455810659340659,0.0172292607392607
23055,0.00846096623376623,0.0072603065934066,0.00995226073926074
23056,0.0112897662337662,0.0099625065934066,0.0114076607392607
23057,0.0148257662337662,0.0126647065934066,0.00704146073926074
23058,0.0197761662337662,0.0140158065934066,0.00267526073926074
23059,0.0226049662337662,0.0167180065934066,-0.000235539260739261
23060,0.0268481662337662,0.0207713065934066,-0.00314633926073926
23061,0.0303841662337662,0.0221224065934066,-0.00605713926073926
23062,0.0346273662337662,0.0248246065934066,-0.00896793926073926
23063,0.0346273662337662,0.0248246065934066,-0.0133341392607393
23064,0.0374561662337662,0.0275268065934066,-0.0162449392607393
23065,0.0346273662337662,0.0302290065934066,-0.0206111392607393
23066,0.0325057662337662,0.0261757065934066,-0.0177003392607393
23067,0.0233121662337662,0.0221224065934066,-0.0177003392607393
23068,0.0155329662337662,0.0140158065934066,-0.0104233392607393
23069,0.00563216623376623,0.00590920659340659,-0.00169093926073926
23070,-0.00709743376623376,-0.0062506934065934,0.00558606073926074
23071,-0.0148766337662338,-0.0157083934065934,0.0157738607392607
23072,-0.0233630337662338,-0.0251660934065934,0.0215954607392607
23073,-0.0276062337662338,-0.0305704934065934,0.0230508607392607
23074,-0.0304350337662338,-0.0332726934065934,0.0274170607392607
23075,-0.0325566337662338,-0.0359748934065934,0.0288724607392607
23076,-0.0311422337662338,-0.0346237934065934,0.0274170607392607
23077,-0.0311422337662338,-0.0346237934065934,0.0245062607392607
23078,-0.0254846337662338,-0.0332726934065934,0.0230508607392607
23079,-0.0254846337662338,-0.0305704934065934,0.0201400607392607
23080,-0.0226558337662338,-0.0292193934065934,0.0172292607392607
23081,-0.0177054337662338,-0.0265171934065934,0.0114076607392607
23082,-0.0127550337662338,-0.0224638934065934,0.00995226073926074
23083,-0.0106334337662338,-0.0211127934065934,0.00704146073926074
23084,-0.00921903376623377,-0.0197616934065934,0.00413066073926074
23085,-0.00921903376623377,-0.0197616934065934,-0.000235539260739261
23086,-0.00851183376623376,-0.0157083934065934,-0.00605713926073926
23087,-0.00851183376623376,-0.0143572934065934,-0.00314633926073926
23088,-0.00851183376623376,-0.0116550934065934,-0.00896793926073926
23089,-0.00992623376623377,-0.0103039934065934,-0.00751253926073926
23090,-0.00992623376623377,-0.0116550934065934,-0.00751253926073926
23091,-0.0120478337662338,-0.0116550934065934,-0.0104233392607393
23092,-0.0120478337662338,-0.0116550934065934,-0.0104233392607393
23093,-0.0134622337662338,-0.0103039934065934,-0.0118787392607393
23094,-0.0155838337662338,-0.0089528934065934,-0.0118787392607393
23095,-0.0141694337662338,-0.0062506934065934,-0.0118787392607393
23096,-0.0134622337662338,-0.00760179340659341,-0.0118787392607393
23097,-0.0134622337662338,-0.0116550934065934,-0.0118787392607393
23098,-0.0148766337662338,-0.0143572934065934,-0.00751253926073926
23099,-0.0155838337662338,-0.0143572934065934,-0.00169093926073926
23100,-0.0169982337662338,-0.0184105934065934,0.00267526073926074
23101,-0.0191198337662338,-0.0238149934065934,0.00995226073926074
23102,-0.0205342337662338,-0.0278682934065934,0.0114076607392607
23103,-0.0233630337662338,-0.0278682934065934,0.0172292607392607
23104,-0.0247774337662338,-0.0305704934065934,0.0201400607392607
23105,-0.0276062337662338,-0.0319215934065934,0.0215954607392607
23106,-0.0283134337662338,-0.0305704934065934,0.0274170607392607
23107,-0.0268990337662338,-0.0305704934065934,0.0259616607392607
23108,-0.0254846337662338,-0.0278682934065934,0.0245062607392607
23109,-0.0212414337662338,-0.0224638934065934,0.0186846607392607
23110,-0.0148766337662338,-0.0116550934065934,0.0128630607392607
23111,-0.00639023376623377,-0.000846293406593406,0.00121986073926074
23112,0.00138896623376623,0.0099625065934066,-0.0104233392607393
23113,0.00846096623376623,0.0194202065934066,-0.0191557392607393
23114,0.0134113662337662,0.0275268065934066,-0.0278881392607393
23115,0.0183617662337662,0.0342823065934066,-0.0337097392607393
23116,0.0197761662337662,0.0369845065934066,-0.0351651392607393
23117,0.0197761662337662,0.0396867065934066,-0.0337097392607393
23118,0.0211905662337662,0.0383356065934066,-0.0351651392607393
23119,0.0211905662337662,0.0369845065934066,-0.0307989392607393
23120,0.0197761662337662,0.0356334065934066,-0.0293435392607393
23121,0.0204833662337662,0.0342823065934066,-0.0220665392607393
23122,0.0190689662337662,0.0329312065934066,-0.0206111392607393
23123,0.0183617662337662,0.0275268065934066,-0.0133341392607393
23124,0.0162401662337662,0.0221224065934066,-0.0104233392607393
23125,0.0162401662337662,0.0194202065934066,-0.00460173926073926
23126,0.0127041662337662,0.0180691065934066,-0.00314633926073926
23127,0.0127041662337662,0.0167180065934066,0.00121986073926074
23128,0.00916816623376623,0.0113136065934066,0.00267526073926074
23129,0.00704656623376623,0.0099625065934066,0.00413066073926074
23130,0.00704656623376623,0.0086114065934066,0.00413066073926074
23131,0.00492496623376624,0.0086114065934066,0.00704146073926074
23132,0.00846096623376623,0.0099625065934066,0.00995226073926074
23133,0.0119969662337662,0.0099625065934066,0.00849686073926074
23134,0.0134113662337662,0.0086114065934066,0.00849686073926074
23135,0.0169473662337662,0.00590920659340659,0.00704146073926074
23136,0.0226049662337662,0.0072603065934066,0.00558606073926074
23137,0.0275553662337662,0.0099625065934066,0.00413066073926074
23138,0.0289697662337662,0.0126647065934066,-0.000235539260739261
23139,0.0332129662337662,0.0153669065934066,-0.00460173926073926
23140,0.0346273662337662,0.0180691065934066,-0.00896793926073926
23141,0.0374561662337662,0.0207713065934066,-0.0133341392607393
23142,0.0416993662337662,0.0275268065934066,-0.0220665392607393
23143,0.0445281662337662,0.0302290065934066,-0.0307989392607393
23144,0.0452353662337662,0.0315801065934066,-0.0307989392607393
23145,0.0452353662337662,0.0342823065934066,-0.0337097392607393
23146,0.0473569662337662,0.0383356065934066,-0.0380759392607393
23147,0.0452353662337662,0.0383356065934066,-0.0380759392607393
23148,0.0431137662337662,0.0369845065934066,-0.0380759392607393
23149,0.0388705662337662,0.0329312065934066,-0.0366205392607393
23150,0.0332129662337662,0.0288779065934066,-0.0293435392607393
23151,0.0247265662337662,0.0180691065934066,-0.0220665392607393
23152,0.0183617662337662,0.0113136065934066,-0.0104233392607393
23153,0.00775376623376623,0.000504806593406593,-0.000235539260739261
23154,-0.00214703376623377,-0.0089528934065934,0.00995226073926074
23155,-0.00780463376623377,-0.0197616934065934,0.0201400607392607
23156,-0.0113406337662338,-0.0224638934065934,0.0274170607392607
23157,-0.0148766337662338,-0.0292193934065934,0.0303278607392607
23158,-0.0127550337662338,-0.0265171934065934,0.0303278607392607
23159,-0.0106334337662338,-0.0305704934065934,0.0274170607392607
23160,-0.00921903376623377,-0.0319215934065934,0.0245062607392607
23161,-0.00497583376623377,-0.0305704934065934,0.0172292607392607
23162,-0.00214703376623377,-0.0278682934065934,0.0114076607392607
23163,-0.00214703376623377,-0.0238149934065934,0.00704146073926074
23164,-2.54337662337692e-05,-0.0238149934065934,-0.000235539260739261
23165,-2.54337662337692e-05,-0.0211127934065934,-0.00605713926073926
23166,0.00138896623376623,-0.0170594934065934,-0.0104233392607393
23167,0.000681766233766236,-0.0143572934065934,-0.0162449392607393
23168,0.000681766233766236,-0.0103039934065934,-0.0177003392607393
23169,0.000681766233766236,-0.0062506934065934,-0.0220665392607393
23170,-2.54337662337692e-05,-0.0062506934065934,-0.0235219392607393
23171,0.00138896623376623,-0.0062506934065934,-0.0264327392607393
23172,0.000681766233766236,-0.00354849340659341,-0.0249773392607393
23173,0.00280336623376624,-0.00219739340659341,-0.0206111392607393
23174,0.00421776623376623,-0.00219739340659341,-0.0235219392607393
23175,0.00563216623376623,-0.00219739340659341,-0.0220665392607393
23176,0.00987536623376623,-0.000846293406593406,-0.0206111392607393
23177,0.0134113662337662,0.000504806593406593,-0.0206111392607393
23178,0.0169473662337662,0.00185590659340659,-0.0206111392607393
23179,0.0218977662337662,-0.000846293406593406,-0.0177003392607393
23180,0.0218977662337662,0.000504806593406593,-0.0147895392607393
23181,0.0233121662337662,0.000504806593406593,-0.0118787392607393
23182,0.0226049662337662,-0.00219739340659341,-0.00896793926073926
23183,0.0218977662337662,-0.00489959340659341,-0.00314633926073926
23184,0.0176545662337662,-0.0089528934065934,-0.000235539260739261
23185,0.0155329662337662,-0.0103039934065934,0.00121986073926074
23186,0.0112897662337662,-0.0130061934065934,0.00121986073926074
23187,0.00351056623376624,-0.0170594934065934,0.00121986073926074
23188,-0.00143983376623377,-0.0211127934065934,0.00267526073926074
23189,-0.00497583376623377,-0.0224638934065934,0.00267526073926074
23190,-0.00709743376623376,-0.0224638934065934,0.00121986073926074
23191,-0.00780463376623377,-0.0224638934065934,-0.000235539260739261
23192,-0.00426863376623377,-0.0184105934065934,-0.00460173926073926
23193,0.00209616623376623,-0.0089528934065934,-0.0104233392607393
23194,0.0112897662337662,0.00185590659340659,-0.0235219392607393
23195,0.0226049662337662,0.0153669065934066,-0.0307989392607393
23196,0.0332129662337662,0.0248246065934066,-0.0395313392607393
23197,0.0424065662337662,0.0356334065934066,-0.0438975392607393
23198,0.0494785662337662,0.0423889065934066,-0.0438975392607393
23199,0.0572577662337662,0.0423889065934066,-0.0438975392607393
23200,0.0615009662337662,0.0464422065934066,-0.0409867392607393
23201,0.0643297662337662,0.0464422065934066,-0.0395313392607393
23202,0.0657441662337662,0.0450911065934066,-0.0351651392607393
23203,0.0664513662337662,0.0437400065934066,-0.0307989392607393
23204,0.0664513662337662,0.0423889065934066,-0.0249773392607393
23205,0.0643297662337662,0.0410378065934066,-0.0177003392607393
23206,0.0593793662337662,0.0342823065934066,-0.0104233392607393
23207,0.0572577662337662,0.0302290065934066,-0.00605713926073926
23208,0.0508929662337662,0.0261757065934066,-0.000235539260739261
23209,0.0473569662337662,0.0221224065934066,0.00413066073926074
23210,0.0409921662337662,0.0180691065934066,0.00704146073926074
23211,0.0339201662337662,0.0207713065934066,0.00849686073926074
23212,0.0275553662337662,0.0207713065934066,0.00995226073926074
23213,0.0240193662337662,0.0207713065934066,0.00995226073926074
23214,0.0218977662337662,0.0180691065934066,0.00704146073926074
23215,0.0204833662337662,0.0180691065934066,0.00849686073926074
23216,0.0176545662337662,0.0207713065934066,0.00704146073926074
23217,0.0190689662337662,0.0167180065934066,0.00704146073926074
23218,0.0226049662337662,0.0180691065934066,0.00995226073926074
23219,0.0233121662337662,0.0180691065934066,0.0114076607392607
23220,0.0226049662337662,0.0207713065934066,0.00995226073926074
23221,0.0254337662337662,0.0207713065934066,0.00849686073926074
23222,0.0296769662337662,0.0221224065934066,0.00704146073926074
23223,0.0310913662337662,0.0234735065934066,0.00704146073926074
23224,0.0388705662337662,0.0261757065934066,0.00121986073926074
23225,0.0402849662337662,0.0275268065934066,-0.00460173926073926
23226,0.0438209662337662,0.0275268065934066,-0.00605713926073926
23227,0.0459425662337662,0.0315801065934066,-0.00751253926073926
23228,0.0473569662337662,0.0315801065934066,-0.0133341392607393
23229,0.0466497662337662,0.0329312065934066,-0.0147895392607393
23230,0.0445281662337662,0.0342823065934066,-0.0191557392607393
23231,0.0473569662337662,0.0329312065934066,-0.0206111392607393
23232,0.0424065662337662,0.0329312065934066,-0.0191557392607393
23233,0.0381633662337662,0.0275268065934066,-0.0191557392607393
23234,0.0296769662337662,0.0194202065934066,-0.0147895392607393
23235,0.0204833662337662,0.0099625065934066,-0.0133341392607393
23236,0.0105825662337662,-0.000846293406593406,0.00267526073926074
23237,-2.54337662337692e-05,-0.0116550934065934,0.00704146073926074
23238,-0.00921903376623377,-0.0211127934065934,0.0128630607392607
23239,-0.0120478337662338,-0.0265171934065934,0.0157738607392607
23240,-0.0148766337662338,-0.0332726934065934,0.0172292607392607
23241,-0.0162910337662338,-0.0332726934065934,0.0172292607392607
23242,-0.0141694337662338,-0.0346237934065934,0.0157738607392607
23243,-0.0127550337662338,-0.0386770934065934,0.0128630607392607
23244,-0.00921903376623377,-0.0359748934065934,0.0114076607392607
23245,-0.00709743376623376,-0.0386770934065934,0.00849686073926074
23246,-0.00568303376623376,-0.0319215934065934,0.00413066073926074
23247,-2.54337662337692e-05,-0.0305704934065934,-0.000235539260739261
23248,-0.00143983376623377,-0.0292193934065934,-0.00751253926073926
23249,0.00138896623376623,-0.0292193934065934,-0.0118787392607393
23250,0.00280336623376624,-0.0265171934065934,-0.0162449392607393
23251,0.00280336623376624,-0.0265171934065934,-0.0191557392607393
23252,0.00280336623376624,-0.0238149934065934,-0.0235219392607393
23253,-0.00214703376623377,-0.0211127934065934,-0.0235219392607393
23254,-0.00497583376623377,-0.0224638934065934,-0.0235219392607393
23255,-0.00568303376623376,-0.0197616934065934,-0.0235219392607393
23256,-0.00780463376623377,-0.0184105934065934,-0.0249773392607393
23257,-0.00851183376623376,-0.0157083934065934,-0.0249773392607393
23258,-0.0106334337662338,-0.0170594934065934,-0.0235219392607393
23259,-0.0113406337662338,-0.0157083934065934,-0.0249773392607393
23260,-0.0134622337662338,-0.0143572934065934,-0.0235219392607393
23261,-0.0127550337662338,-0.0143572934065934,-0.0249773392607393
23262,-0.0127550337662338,-0.0116550934065934,-0.0220665392607393
23263,-0.00992623376623377,-0.0116550934065934,-0.0191557392607393
23264,-0.00992623376623377,-0.0103039934065934,-0.0147895392607393
23265,-0.00921903376623377,-0.0116550934065934,-0.00896793926073926
23266,-0.00780463376623377,-0.0157083934065934,-0.00605713926073926
23267,-0.00921903376623377,-0.0170594934065934,-0.000235539260739261
23268,-0.0106334337662338,-0.0224638934065934,0.00413066073926074
23269,-0.00851183376623376,-0.0251660934065934,0.00704146073926074
23270,-0.00992623376623377,-0.0278682934065934,0.0128630607392607
23271,-0.0141694337662338,-0.0292193934065934,0.0143184607392607
23272,-0.0169982337662338,-0.0305704934065934,0.0157738607392607
23273,-0.0198270337662338,-0.0332726934065934,0.0143184607392607
23274,-0.0177054337662338,-0.0292193934065934,0.0172292607392607
23275,-0.0148766337662338,-0.0238149934065934,0.0128630607392607
23276,-0.0120478337662338,-0.0157083934065934,0.00849686073926074
23277,-0.00426863376623377,-0.0062506934065934,-0.00314633926073926
23278,0.00492496623376624,0.00320700659340659,-0.0147895392607393
23279,0.0141185662337662,0.0140158065934066,-0.0264327392607393
23280,0.0233121662337662,0.0207713065934066,-0.0351651392607393
23281,0.0289697662337662,0.0288779065934066,-0.0380759392607393
23282,0.0339201662337662,0.0329312065934066,-0.0395313392607393
23283,0.0381633662337662,0.0356334065934066,-0.0395313392607393
23284,0.0424065662337662,0.0369845065934066,-0.0380759392607393
23285,0.0445281662337662,0.0383356065934066,-0.0366205392607393
23286,0.0466497662337662,0.0342823065934066,-0.0351651392607393
23287,0.0480641662337662,0.0315801065934066,-0.0322543392607393
23288,0.0494785662337662,0.0302290065934066,-0.0278881392607393
23289,0.0480641662337662,0.0248246065934066,-0.0235219392607393
23290,0.0445281662337662,0.0207713065934066,-0.0177003392607393
23291,0.0438209662337662,0.0153669065934066,-0.0118787392607393
23292,0.0402849662337662,0.0126647065934066,-0.00751253926073926
23293,0.0374561662337662,0.0113136065934066,-0.00169093926073926
23294,0.0339201662337662,0.00590920659340659,-0.000235539260739261
23295,0.0296769662337662,0.00455810659340659,-0.00314633926073926
23296,0.0268481662337662,0.00455810659340659,-0.00169093926073926
23297,0.0240193662337662,0.000504806593406593,0.00121986073926074
23298,0.0197761662337662,0.00185590659340659,0.00413066073926074
23299,0.0176545662337662,0.00320700659340659,0.00558606073926074
23300,0.0155329662337662,0.00455810659340659,0.00704146073926074
23301,0.0141185662337662,0.0072603065934066,0.00995226073926074
23302,0.0148257662337662,0.00590920659340659,0.0114076607392607
23303,0.0155329662337662,0.0099625065934066,0.0143184607392607
23304,0.0169473662337662,0.0126647065934066,0.0128630607392607
23305,0.0155329662337662,0.0153669065934066,0.0114076607392607
23306,0.0190689662337662,0.0207713065934066,0.0128630607392607
23307,0.0254337662337662,0.0234735065934066,0.0143184607392607
23308,0.0289697662337662,0.0261757065934066,0.0114076607392607
23309,0.0332129662337662,0.0275268065934066,0.00849686073926074
23310,0.0374561662337662,0.0342823065934066,0.00413066073926074
23311,0.0409921662337662,0.0356334065934066,-0.000235539260739261
23312,0.0445281662337662,0.0356334065934066,-0.00314633926073926
23313,0.0473569662337662,0.0369845065934066,-0.00605713926073926
23314,0.0480641662337662,0.0369845065934066,-0.0133341392607393
23315,0.0466497662337662,0.0356334065934066,-0.0133341392607393
23316,0.0438209662337662,0.0329312065934066,-0.0177003392607393
23317,0.0367489662337662,0.0275268065934066,-0.0147895392607393
23318,0.0310913662337662,0.0153669065934066,-0.0104233392607393
23319,0.0190689662337662,0.00320700659340659,-0.00314633926073926
23320,0.00916816623376623,-0.0089528934065934,0.00413066073926074
23321,-0.00214703376623377,-0.0211127934065934,0.00704146073926074
23322,-0.00992623376623377,-0.0278682934065934,0.0143184607392607
23323,-0.0177054337662338,-0.0332726934065934,0.0143184607392607
23324,-0.0198270337662338,-0.0319215934065934,0.0114076607392607
23325,-0.0177054337662338,-0.0332726934065934,0.00849686073926074
23326,-0.0169982337662338,-0.0319215934065934,0.00704146073926074
23327,-0.0141694337662338,-0.0305704934065934,0.00558606073926074
23328,-0.0113406337662338,-0.0305704934065934,0.00121986073926074
23329,-0.00851183376623376,-0.0278682934065934,-0.000235539260739261
23330,-0.00497583376623377,-0.0238149934065934,-0.00314633926073926
23331,0.000681766233766236,-0.0211127934065934,-0.00751253926073926
23332,0.00492496623376624,-0.0184105934065934,-0.0133341392607393
23333,0.0112897662337662,-0.0170594934065934,-0.0133341392607393
23334,0.0141185662337662,-0.0143572934065934,-0.0147895392607393
23335,0.0176545662337662,-0.0130061934065934,-0.0177003392607393
23336,0.0176545662337662,-0.0116550934065934,-0.0133341392607393
23337,0.0155329662337662,-0.0143572934065934,-0.0147895392607393
23338,0.0148257662337662,-0.0143572934065934,-0.0147895392607393
23339,0.0148257662337662,-0.0143572934065934,-0.0162449392607393
23340,0.0127041662337662,-0.0143572934065934,-0.0191557392607393
23341,0.0112897662337662,-0.0130061934065934,-0.0191557392607393
23342,0.00987536623376623,-0.0157083934065934,-0.0177003392607393
23343,0.00492496623376624,-0.0157083934065934,-0.0177003392607393
23344,0.00280336623376624,-0.0143572934065934,-0.0191557392607393
23345,0.00209616623376623,-0.0157083934065934,-0.0191557392607393
23346,-2.54337662337692e-05,-0.0170594934065934,-0.0177003392607393
23347,-0.00214703376623377,-0.0143572934065934,-0.0147895392607393
23348,-0.00214703376623377,-0.0184105934065934,-0.0118787392607393
23349,-0.00426863376623377,-0.0197616934065934,-0.00751253926073926
23350,-0.00356143376623377,-0.0211127934065934,-0.00169093926073926
23351,-0.00285423376623377,-0.0224638934065934,-0.000235539260739261
23352,-0.00497583376623377,-0.0224638934065934,0.00121986073926074
23353,-0.00568303376623376,-0.0238149934065934,0.00558606073926074
23354,-0.00497583376623377,-0.0265171934065934,0.00704146073926074
23355,-0.00709743376623376,-0.0251660934065934,0.0114076607392607
23356,-0.00780463376623377,-0.0251660934065934,0.0128630607392607
23357,-0.00709743376623376,-0.0224638934065934,0.0114076607392607
23358,-0.00356143376623377,-0.0211127934065934,0.00995226073926074
23359,0.00138896623376623,-0.0184105934065934,0.00558606073926074
23360,0.00987536623376623,-0.0089528934065934,-0.000235539260739261
23361,0.0183617662337662,0.000504806593406593,-0.0104233392607393
23362,0.0268481662337662,0.0113136065934066,-0.0206111392607393
23363,0.0360417662337662,0.0207713065934066,-0.0264327392607393
23364,0.0416993662337662,0.0261757065934066,-0.0322543392607393
23365,0.0466497662337662,0.0315801065934066,-0.0337097392607393
23366,0.0487713662337662,0.0329312065934066,-0.0380759392607393
23367,0.0473569662337662,0.0356334065934066,-0.0337097392607393
23368,0.0487713662337662,0.0356334065934066,-0.0322543392607393
23369,0.0466497662337662,0.0356334065934066,-0.0293435392607393
23370,0.0508929662337662,0.0342823065934066,-0.0264327392607393
23371,0.0508929662337662,0.0342823065934066,-0.0235219392607393
23372,0.0501857662337662,0.0315801065934066,-0.0162449392607393
23373,0.0523073662337662,0.0302290065934066,-0.0162449392607393
23374,0.0516001662337662,0.0275268065934066,-0.0104233392607393
23375,0.0494785662337662,0.0234735065934066,-0.00896793926073926
23376,0.0501857662337662,0.0194202065934066,-0.00314633926073926
23377,0.0466497662337662,0.0167180065934066,-0.00169093926073926
23378,0.0445281662337662,0.0113136065934066,-0.000235539260739261
23379,0.0445281662337662,0.0113136065934066,-0.000235539260739261
23380,0.0445281662337662,0.0099625065934066,0.00413066073926074
23381,0.0409921662337662,0.00590920659340659,0.00413066073926074
23382,0.0388705662337662,0.00455810659340659,0.00849686073926074
23383,0.0374561662337662,0.00185590659340659,0.00704146073926074
23384,0.0339201662337662,0.00455810659340659,0.0114076607392607
23385,0.0317985662337662,0.00320700659340659,0.0114076607392607
23386,0.0275553662337662,0.00320700659340659,0.0157738607392607
23387,0.0282625662337662,0.00320700659340659,0.0143184607392607
23388,0.0275553662337662,0.00455810659340659,0.0128630607392607
23389,0.0289697662337662,0.0072603065934066,0.0157738607392607
23390,0.0289697662337662,0.0153669065934066,0.0114076607392607
23391,0.0310913662337662,0.0194202065934066,0.0128630607392607
23392,0.0332129662337662,0.0248246065934066,0.00704146073926074
23393,0.0353345662337662,0.0288779065934066,0.00267526073926074
23394,0.0381633662337662,0.0329312065934066,-0.000235539260739261
23395,0.0416993662337662,0.0383356065934066,-0.00460173926073926
23396,0.0459425662337662,0.0369845065934066,-0.00896793926073926
23397,0.0501857662337662,0.0423889065934066,-0.0118787392607393
23398,0.0508929662337662,0.0383356065934066,-0.0118787392607393
23399,0.0516001662337662,0.0356334065934066,-0.0133341392607393
23400,0.0480641662337662,0.0329312065934066,-0.0147895392607393
23401,0.0409921662337662,0.0275268065934066,-0.0118787392607393
23402,0.0339201662337662,0.0126647065934066,-0.00314633926073926
23403,0.0233121662337662,-0.00219739340659341,0.00704146073926074
23404,0.0127041662337662,-0.0143572934065934,0.0157738607392607
23405,0.00421776623376623,-0.0251660934065934,0.0186846607392607
23406,-0.00356143376623377,-0.0346237934065934,0.0230508607392607
23407,-0.00780463376623377,-0.0386770934065934,0.0215954607392607
23408,-0.00992623376623377,-0.0413792934065934,0.0215954607392607
23409,-0.0113406337662338,-0.0427303934065934,0.0172292607392607
23410,-0.0113406337662338,-0.0413792934065934,0.0157738607392607
23411,-0.00992623376623377,-0.0413792934065934,0.0114076607392607
23412,-0.00780463376623377,-0.0386770934065934,0.00704146073926074
23413,-0.00497583376623377,-0.0359748934065934,0.00413066073926074
23414,-0.000732633766233767,-0.0332726934065934,-0.00314633926073926
23415,0.00351056623376624,-0.0305704934065934,-0.00896793926073926
23416,0.00846096623376623,-0.0278682934065934,-0.0147895392607393
23417,0.0119969662337662,-0.0265171934065934,-0.0177003392607393
23418,0.0155329662337662,-0.0224638934065934,-0.0177003392607393
23419,0.0197761662337662,-0.0238149934065934,-0.0191557392607393
23420,0.0211905662337662,-0.0224638934065934,-0.0191557392607393
23421,0.0204833662337662,-0.0238149934065934,-0.0191557392607393
23422,0.0211905662337662,-0.0265171934065934,-0.0220665392607393
23423,0.0190689662337662,-0.0265171934065934,-0.0206111392607393
23424,0.0169473662337662,-0.0265171934065934,-0.0191557392607393
23425,0.0127041662337662,-0.0305704934065934,-0.0177003392607393
23426,0.00987536623376623,-0.0265171934065934,-0.0177003392607393
23427,0.00704656623376623,-0.0251660934065934,-0.0191557392607393
23428,0.00421776623376623,-0.0251660934065934,-0.0147895392607393
23429,0.00280336623376624,-0.0238149934065934,-0.0118787392607393
23430,-0.00356143376623377,-0.0238149934065934,-0.00896793926073926
23431,-0.00568303376623376,-0.0251660934065934,-0.00460173926073926
23432,-0.00992623376623377,-0.0238149934065934,-0.000235539260739261
23433,-0.0113406337662338,-0.0265171934065934,0.00704146073926074
23434,-0.0141694337662338,-0.0305704934065934,0.0114076607392607
23435,-0.0162910337662338,-0.0319215934065934,0.0172292607392607
23436,-0.0169982337662338,-0.0319215934065934,0.0172292607392607
23437,-0.0205342337662338,-0.0332726934065934,0.0230508607392607
23438,-0.0198270337662338,-0.0346237934065934,0.0230508607392607
23439,-0.0162910337662338,-0.0359748934065934,0.0274170607392607
23440,-0.0106334337662338,-0.0359748934065934,0.0245062607392607
23441,-0.00639023376623377,-0.0332726934065934,0.0230508607392607
23442,0.00209616623376623,-0.0278682934065934,0.0157738607392607
23443,0.00916816623376623,-0.0211127934065934,0.00849686073926074
23444,0.0204833662337662,-0.0116550934065934,-0.00314633926073926
23445,0.0282625662337662,0.000504806593406593,-0.0177003392607393
23446,0.0381633662337662,0.0113136065934066,-0.0264327392607393
23447,0.0452353662337662,0.0167180065934066,-0.0366205392607393
23448,0.0494785662337662,0.0207713065934066,-0.0409867392607393
23449,0.0516001662337662,0.0207713065934066,-0.0453529392607393
23450,0.0516001662337662,0.0221224065934066,-0.0424421392607393
23451,0.0508929662337662,0.0234735065934066,-0.0409867392607393
23452,0.0487713662337662,0.0234735065934066,-0.0409867392607393
23453,0.0466497662337662,0.0234735065934066,-0.0366205392607393
23454,0.0452353662337662,0.0221224065934066,-0.0366205392607393
23455,0.0424065662337662,0.0221224065934066,-0.0307989392607393
23456,0.0431137662337662,0.0180691065934066,-0.0235219392607393
23457,0.0431137662337662,0.0180691065934066,-0.0191557392607393
23458,0.0431137662337662,0.0167180065934066,-0.0133341392607393
23459,0.0416993662337662,0.0126647065934066,-0.00896793926073926
23460,0.0416993662337662,0.0113136065934066,-0.00460173926073926
23461,0.0416993662337662,0.0072603065934066,-0.00314633926073926
23462,0.0409921662337662,0.0072603065934066,-0.00169093926073926
23463,0.0438209662337662,0.00590920659340659,0.00121986073926074
23464,0.0438209662337662,0.00320700659340659,0.00267526073926074
23465,0.0445281662337662,0.00320700659340659,0.00413066073926074
23466,0.0431137662337662,0.00185590659340659,0.00704146073926074
23467,0.0409921662337662,-0.000846293406593406,0.00704146073926074
23468,0.0395777662337662,-0.00354849340659341,0.00704146073926074
23469,0.0374561662337662,-0.00489959340659341,0.00849686073926074
23470,0.0374561662337662,-0.00489959340659341,0.00849686073926074
23471,0.0346273662337662,-0.0062506934065934,0.00849686073926074
23472,0.0346273662337662,-0.0062506934065934,0.00704146073926074
23473,0.0360417662337662,-0.00489959340659341,0.00704146073926074
23474,0.0374561662337662,-0.000846293406593406,0.00413066073926074
23475,0.0360417662337662,0.00185590659340659,-0.000235539260739261
23476,0.0381633662337662,0.0086114065934066,-0.000235539260739261
23477,0.0402849662337662,0.0099625065934066,-0.00751253926073926
23478,0.0431137662337662,0.0194202065934066,-0.0104233392607393
23479,0.0487713662337662,0.0221224065934066,-0.0118787392607393
23480,0.0501857662337662,0.0275268065934066,-0.0147895392607393
23481,0.0537217662337662,0.0288779065934066,-0.0147895392607393
23482,0.0551361662337662,0.0261757065934066,-0.0162449392607393
23483,0.0551361662337662,0.0261757065934066,-0.0118787392607393
23484,0.0516001662337662,0.0180691065934066,-0.00896793926073926
23485,0.0445281662337662,0.00590920659340659,-0.00169093926073926
23486,0.0339201662337662,-0.0089528934065934,0.00704146073926074
23487,0.0247265662337662,-0.0211127934065934,0.0172292607392607
23488,0.0155329662337662,-0.0292193934065934,0.0245062607392607
23489,0.00846096623376623,-0.0386770934065934,0.0288724607392607
23490,0.00421776623376623,-0.0454325934065934,0.0303278607392607
23491,0.00209616623376623,-0.0467836934065934,0.0288724607392607
23492,-0.00143983376623377,-0.0508369934065934,0.0230508607392607
23493,-0.00214703376623377,-0.0521880934065934,0.0230508607392607
23494,-0.00356143376623377,-0.0508369934065934,0.0172292607392607
23495,-0.00356143376623377,-0.0481347934065934,0.0143184607392607
23496,-0.00214703376623377,-0.0454325934065934,0.00704146073926074
23497,0.00138896623376623,-0.0413792934065934,0.00121986073926074
23498,0.00280336623376624,-0.0386770934065934,-0.00460173926073926
23499,0.00704656623376623,-0.0359748934065934,-0.0104233392607393
23500,0.00704656623376623,-0.0305704934065934,-0.0133341392607393
23501,0.0112897662337662,-0.0265171934065934,-0.0133341392607393
23502,0.0183617662337662,-0.0224638934065934,-0.0162449392607393
23503,0.0204833662337662,-0.0211127934065934,-0.0162449392607393
23504,0.0233121662337662,-0.0184105934065934,-0.0162449392607393
23505,0.0254337662337662,-0.0184105934065934,-0.0191557392607393
23506,0.0289697662337662,-0.0170594934065934,-0.0162449392607393
23507,0.0282625662337662,-0.0211127934065934,-0.0147895392607393
23508,0.0296769662337662,-0.0211127934065934,-0.0133341392607393
23509,0.0310913662337662,-0.0224638934065934,-0.0162449392607393
23510,0.0303841662337662,-0.0238149934065934,-0.0147895392607393
23511,0.0325057662337662,-0.0278682934065934,-0.0118787392607393
23512,0.0310913662337662,-0.0278682934065934,-0.0118787392607393
23513,0.0303841662337662,-0.0305704934065934,-0.0104233392607393
23514,0.0254337662337662,-0.0319215934065934,-0.00751253926073926
23515,0.0226049662337662,-0.0359748934065934,-0.00460173926073926
23516,0.0183617662337662,-0.0386770934065934,-0.00169093926073926
23517,0.0134113662337662,-0.0386770934065934,0.00413066073926074
23518,0.00987536623376623,-0.0400281934065934,0.00413066073926074
23519,0.00775376623376623,-0.0427303934065934,0.00704146073926074
23520,0.00351056623376624,-0.0413792934065934,0.00995226073926074
23521,0.00209616623376623,-0.0413792934065934,0.0157738607392607
23522,0.000681766233766236,-0.0400281934065934,0.0143184607392607
23523,0.000681766233766236,-0.0386770934065934,0.0172292607392607
23524,0.00280336623376624,-0.0359748934065934,0.0157738607392607
23525,0.00916816623376623,-0.0292193934065934,0.0114076607392607
23526,0.0169473662337662,-0.0211127934065934,0.00558606073926074
23527,0.0275553662337662,-0.0116550934065934,-0.00169093926073926
23528,0.0388705662337662,-0.000846293406593406,-0.0147895392607393
23529,0.0508929662337662,0.0099625065934066,-0.0249773392607393
23530,0.0622081662337662,0.0167180065934066,-0.0307989392607393
23531,0.0714017662337662,0.0221224065934066,-0.0337097392607393
23532,0.0749377662337662,0.0234735065934066,-0.0366205392607393
23533,0.0749377662337662,0.0234735065934066,-0.0380759392607393
23534,0.0763521662337662,0.0221224065934066,-0.0351651392607393
23535,0.0749377662337662,0.0180691065934066,-0.0322543392607393
23536,0.0742305662337662,0.0153669065934066,-0.0293435392607393
23537,0.0699873662337662,0.0140158065934066,-0.0249773392607393
23538,0.0671585662337662,0.0126647065934066,-0.0220665392607393
23539,0.0643297662337662,0.0086114065934066,-0.0162449392607393
23540,0.0607937662337662,0.0086114065934066,-0.0147895392607393
23541,0.0579649662337662,0.00590920659340659,-0.00896793926073926
23542,0.0537217662337662,0.00590920659340659,-0.00460173926073926
23543,0.0537217662337662,0.00455810659340659,-0.00169093926073926
23544,0.0516001662337662,0.00320700659340659,0.00121986073926074
23545,0.0508929662337662,0.000504806593406593,0.00413066073926074
23546,0.0523073662337662,0.000504806593406593,0.00849686073926074
23547,0.0523073662337662,0.00320700659340659,0.00704146073926074
23548,0.0544289662337662,0.000504806593406593,0.00849686073926074
23549,0.0544289662337662,0.000504806593406593,0.00849686073926074
23550,0.0579649662337662,0.000504806593406593,0.0114076607392607
23551,0.0579649662337662,-0.000846293406593406,0.0114076607392607
23552,0.0593793662337662,-0.00354849340659341,0.0114076607392607
23553,0.0615009662337662,-0.00489959340659341,0.0128630607392607
23554,0.0636225662337662,-0.0062506934065934,0.0143184607392607
23555,0.0643297662337662,-0.00760179340659341,0.0114076607392607
23556,0.0664513662337662,-0.00489959340659341,0.00704146073926074
23557,0.0685729662337662,-0.00760179340659341,0.00413066073926074
23558,0.0706945662337662,-0.00489959340659341,-0.000235539260739261
23559,0.0714017662337662,-0.00219739340659341,-0.00314633926073926
23560,0.0728161662337662,-0.00219739340659341,-0.00896793926073926
23561,0.0756449662337662,0.00320700659340659,-0.0147895392607393
23562,0.0770593662337662,0.0072603065934066,-0.0162449392607393
23563,0.0770593662337662,0.0086114065934066,-0.0162449392607393
23564,0.0777665662337662,0.0099625065934066,-0.0191557392607393
23565,0.0770593662337662,0.0126647065934066,-0.0235219392607393
23566,0.0756449662337662,0.0099625065934066,-0.0235219392607393
23567,0.0721089662337662,0.00590920659340659,-0.0191557392607393
23568,0.0671585662337662,-0.00219739340659341,-0.0104233392607393
23569,0.0572577662337662,-0.0143572934065934,-0.000235539260739261
23570,0.0480641662337662,-0.0238149934065934,0.00995226073926074
23571,0.0388705662337662,-0.0332726934065934,0.0201400607392607
23572,0.0360417662337662,-0.0427303934065934,0.0259616607392607
23573,0.0310913662337662,-0.0481347934065934,0.0317832607392607
23574,0.0289697662337662,-0.0508369934065934,0.0332386607392607
23575,0.0282625662337662,-0.0535391934065934,0.0332386607392607
23576,0.0296769662337662,-0.0548902934065934,0.0317832607392607
23577,0.0317985662337662,-0.0548902934065934,0.0288724607392607
23578,0.0332129662337662,-0.0548902934065934,0.0245062607392607
23579,0.0332129662337662,-0.0575924934065934,0.0245062607392607
23580,0.0360417662337662,-0.0548902934065934,0.0172292607392607
23581,0.0402849662337662,-0.0521880934065934,0.0114076607392607
23582,0.0409921662337662,-0.0481347934065934,0.00995226073926074
23583,0.0424065662337662,-0.0454325934065934,0.00413066073926074
23584,0.0452353662337662,-0.0400281934065934,-0.000235539260739261
23585,0.0459425662337662,-0.0373259934065934,-0.00460173926073926
23586,0.0466497662337662,-0.0332726934065934,-0.00751253926073926
23587,0.0473569662337662,-0.0305704934065934,-0.00605713926073926
23588,0.0473569662337662,-0.0292193934065934,-0.00896793926073926
23589,0.0480641662337662,-0.0278682934065934,-0.0118787392607393
23590,0.0473569662337662,-0.0238149934065934,-0.0147895392607393
23591,0.0494785662337662,-0.0224638934065934,-0.0162449392607393
23592,0.0494785662337662,-0.0224638934065934,-0.0133341392607393
23593,0.0494785662337662,-0.0211127934065934,-0.0177003392607393
23594,0.0501857662337662,-0.0224638934065934,-0.0147895392607393
23595,0.0516001662337662,-0.0238149934065934,-0.0177003392607393
23596,0.0516001662337662,-0.0251660934065934,-0.0177003392607393
23597,0.0516001662337662,-0.0265171934065934,-0.0147895392607393
23598,0.0523073662337662,-0.0305704934065934,-0.00896793926073926
23599,0.0508929662337662,-0.0346237934065934,-0.00314633926073926
23600,0.0473569662337662,-0.0427303934065934,-0.00169093926073926
23601,0.0459425662337662,-0.0467836934065934,0.00121986073926074
23602,0.0424065662337662,-0.0494858934065934,0.00558606073926074
23603,0.0402849662337662,-0.0521880934065934,0.00704146073926074
23604,0.0360417662337662,-0.0562413934065934,0.0128630607392607
23605,0.0374561662337662,-0.0589435934065934,0.0157738607392607
23606,0.0374561662337662,-0.0589435934065934,0.0157738607392607
23607,0.0367489662337662,-0.0589435934065934,0.0157738607392607
23608,0.0395777662337662,-0.0508369934065934,0.0143184607392607
23609,0.0438209662337662,-0.0440814934065934,0.00704146073926074
23610,0.0530145662337662,-0.0332726934065934,-0.00314633926073926
23611,0.0615009662337662,-0.0224638934065934,-0.0104233392607393
23612,0.0728161662337662,-0.0103039934065934,-0.0206111392607393
23613,0.0813025662337662,0.000504806593406593,-0.0293435392607393
23614,0.0869601662337662,0.0086114065934066,-0.0351651392607393
23615,0.0919105662337662,0.0153669065934066,-0.0351651392607393
23616,0.0947393662337662,0.0167180065934066,-0.0366205392607393
23617,0.0954465662337662,0.0167180065934066,-0.0380759392607393
23618,0.0961537662337662,0.0140158065934066,-0.0351651392607393
23619,0.0954465662337662,0.0126647065934066,-0.0337097392607393
23620,0.0933249662337662,0.0099625065934066,-0.0293435392607393
23621,0.0954465662337662,0.00590920659340659,-0.0249773392607393
23622,0.0926177662337662,0.000504806593406593,-0.0191557392607393
23623,0.0890817662337662,-0.00354849340659341,-0.0147895392607393
23624,0.0855457662337662,-0.00760179340659341,-0.00605713926073926
23625,0.0827169662337662,-0.0116550934065934,-0.00460173926073926
23626,0.0820097662337662,-0.0130061934065934,0.00267526073926074
23627,0.0784737662337662,-0.0157083934065934,0.00267526073926074
23628,0.0763521662337662,-0.0184105934065934,0.00704146073926074
23629,0.0770593662337662,-0.0184105934065934,0.00558606073926074
23630,0.0742305662337662,-0.0184105934065934,0.00558606073926074
23631,0.0749377662337662,-0.0197616934065934,0.00704146073926074
23632,0.0728161662337662,-0.0157083934065934,0.00849686073926074
23633,0.0721089662337662,-0.0130061934065934,0.00995226073926074
23634,0.0728161662337662,-0.0130061934065934,0.00995226073926074
23635,0.0735233662337662,-0.0103039934065934,0.00704146073926074
23636,0.0770593662337662,-0.0089528934065934,0.00995226073926074
23637,0.0742305662337662,-0.0089528934065934,0.00704146073926074
23638,0.0784737662337662,-0.0103039934065934,0.00558606073926074
23639,0.0805953662337662,-0.00760179340659341,0.00413066073926074
23640,0.0798881662337662,-0.0089528934065934,0.00121986073926074
23641,0.0841313662337662,-0.00489959340659341,-0.000235539260739261
23642,0.0883745662337662,-0.00354849340659341,-0.00751253926073926
23643,0.0890817662337662,-0.000846293406593406,-0.0104233392607393
23644,0.0926177662337662,-0.000846293406593406,-0.0118787392607393
23645,0.0968609662337662,0.00320700659340659,-0.0147895392607393
23646,0.101104166233766,0.000504806593406593,-0.0177003392607393
23647,0.100396966233766,-0.000846293406593406,-0.0191557392607393
23648,0.101104166233766,-0.00219739340659341,-0.0249773392607393
23649,0.0982753662337662,-0.00489959340659341,-0.0249773392607393
23650,0.0947393662337662,-0.00760179340659341,-0.0235219392607393
23651,0.0890817662337662,-0.0143572934065934,-0.0162449392607393
23652,0.0805953662337662,-0.0265171934065934,-0.00751253926073926
23653,0.0706945662337662,-0.0386770934065934,0.00121986073926074
23654,0.0615009662337662,-0.0467836934065934,0.00995226073926074
23655,0.0508929662337662,-0.0548902934065934,0.0172292607392607
23656,0.0452353662337662,-0.0589435934065934,0.0215954607392607
23657,0.0374561662337662,-0.0616457934065934,0.0215954607392607
23658,0.0360417662337662,-0.0643479934065934,0.0172292607392607
23659,0.0353345662337662,-0.0643479934065934,0.0172292607392607
23660,0.0332129662337662,-0.0616457934065934,0.0114076607392607
23661,0.0339201662337662,-0.0616457934065934,0.0114076607392607
23662,0.0346273662337662,-0.0575924934065934,0.00704146073926074
23663,0.0374561662337662,-0.0562413934065934,0.00121986073926074
23664,0.0402849662337662,-0.0575924934065934,-0.00314633926073926
23665,0.0416993662337662,-0.0535391934065934,-0.00896793926073926
23666,0.0473569662337662,-0.0535391934065934,-0.0133341392607393
23667,0.0480641662337662,-0.0508369934065934,-0.0162449392607393
23668,0.0487713662337662,-0.0494858934065934,-0.0177003392607393
23669,0.0530145662337662,-0.0467836934065934,-0.0191557392607393
23670,0.0551361662337662,-0.0440814934065934,-0.0177003392607393
23671,0.0558433662337662,-0.0440814934065934,-0.0177003392607393
23672,0.0572577662337662,-0.0454325934065934,-0.0162449392607393
23673,0.0572577662337662,-0.0427303934065934,-0.0162449392607393
23674,0.0579649662337662,-0.0400281934065934,-0.0177003392607393
23675,0.0572577662337662,-0.0386770934065934,-0.0177003392607393
23676,0.0586721662337662,-0.0400281934065934,-0.0177003392607393
23677,0.0579649662337662,-0.0359748934065934,-0.0147895392607393
23678,0.0565505662337662,-0.0359748934065934,-0.0147895392607393
23679,0.0558433662337662,-0.0346237934065934,-0.0147895392607393
23680,0.0551361662337662,-0.0359748934065934,-0.0118787392607393
23681,0.0537217662337662,-0.0386770934065934,-0.0104233392607393
23682,0.0516001662337662,-0.0386770934065934,-0.00314633926073926
23683,0.0480641662337662,-0.0427303934065934,-0.00314633926073926
23684,0.0459425662337662,-0.0467836934065934,-0.000235539260739261
23685,0.0438209662337662,-0.0508369934065934,0.00121986073926074
23686,0.0431137662337662,-0.0548902934065934,0.00558606073926074
23687,0.0395777662337662,-0.0562413934065934,0.00995226073926074
23688,0.0402849662337662,-0.0575924934065934,0.0114076607392607
23689,0.0395777662337662,-0.0575924934065934,0.0157738607392607
23690,0.0416993662337662,-0.0602946934065934,0.0186846607392607
23691,0.0466497662337662,-0.0562413934065934,0.0172292607392607
23692,0.0544289662337662,-0.0494858934065934,0.0114076607392607
23693,0.0636225662337662,-0.0413792934065934,0.00558606073926074
23694,0.0742305662337662,-0.0292193934065934,-0.00751253926073926
23695,0.0862529662337662,-0.0197616934065934,-0.0191557392607393
23696,0.0961537662337662,-0.0103039934065934,-0.0249773392607393
23697,0.106761766233766,-0.000846293406593406,-0.0293435392607393
23698,0.110297766233766,0.00590920659340659,-0.0307989392607393
23699,0.114540966233766,0.0072603065934066,-0.0307989392607393
23700,0.115248166233766,0.0099625065934066,-0.0322543392607393
23701,0.117369766233766,0.0099625065934066,-0.0307989392607393
23702,0.113833766233766,0.0099625065934066,-0.0278881392607393
23703,0.111712166233766,0.0086114065934066,-0.0235219392607393
23704,0.109590566233766,0.0072603065934066,-0.0177003392607393
23705,0.105347366233766,0.00455810659340659,-0.0147895392607393
23706,0.100396966233766,0.00185590659340659,-0.0104233392607393
23707,0.0968609662337662,-0.000846293406593406,-0.00169093926073926
23708,0.0926177662337662,-0.00219739340659341,0.00267526073926074
23709,0.0883745662337662,-0.00760179340659341,0.00849686073926074
23710,0.0869601662337662,-0.0103039934065934,0.0114076607392607
23711,0.0834241662337662,-0.0143572934065934,0.0143184607392607
23712,0.0841313662337662,-0.0170594934065934,0.0157738607392607
23713,0.0820097662337662,-0.0170594934065934,0.0201400607392607
23714,0.0855457662337662,-0.0211127934065934,0.0230508607392607
23715,0.0869601662337662,-0.0197616934065934,0.0259616607392607
23716,0.0869601662337662,-0.0184105934065934,0.0303278607392607
23717,0.0897889662337662,-0.0197616934065934,0.0274170607392607
23718,0.0912033662337662,-0.0224638934065934,0.0288724607392607
23719,0.0919105662337662,-0.0224638934065934,0.0274170607392607
23720,0.0947393662337662,-0.0224638934065934,0.0274170607392607
23721,0.0940321662337662,-0.0224638934065934,0.0288724607392607
23722,0.0947393662337662,-0.0184105934065934,0.0201400607392607
23723,0.0961537662337662,-0.0170594934065934,0.0128630607392607
23724,0.0989825662337662,-0.0157083934065934,0.00849686073926074
23725,0.101104166233766,-0.0116550934065934,0.00413066073926074
23726,0.102518566233766,-0.0103039934065934,-0.00460173926073926
23727,0.105347366233766,-0.00489959340659341,-0.0104233392607393
23728,0.103225766233766,-0.00219739340659341,-0.0147895392607393
23729,0.104640166233766,0.00185590659340659,-0.0191557392607393
23730,0.105347366233766,0.00320700659340659,-0.0235219392607393
23731,0.103932966233766,0.00320700659340659,-0.0293435392607393
23732,0.0996897662337662,-0.000846293406593406,-0.0307989392607393
23733,0.0961537662337662,-0.0062506934065934,-0.0293435392607393
23734,0.0897889662337662,-0.0116550934065934,-0.0220665392607393
23735,0.0791809662337662,-0.0238149934065934,-0.0191557392607393
23736,0.0699873662337662,-0.0346237934065934,-0.00896793926073926
23737,0.0572577662337662,-0.0454325934065934,0.00121986073926074
23738,0.0508929662337662,-0.0562413934065934,0.00995226073926074
23739,0.0438209662337662,-0.0629968934065934,0.0143184607392607
23740,0.0402849662337662,-0.0684012934065934,0.0157738607392607
23741,0.0374561662337662,-0.0738056934065934,0.0172292607392607
23742,0.0346273662337662,-0.0765078934065934,0.0143184607392607
23743,0.0353345662337662,-0.0765078934065934,0.0114076607392607
23744,0.0360417662337662,-0.0738056934065934,0.0114076607392607
23745,0.0360417662337662,-0.0724545934065934,0.00704146073926074
23746,0.0374561662337662,-0.0697523934065934,0.00267526073926074
23747,0.0388705662337662,-0.0684012934065934,-0.00169093926073926
23748,0.0402849662337662,-0.0656990934065934,-0.00605713926073926
23749,0.0424065662337662,-0.0629968934065934,-0.0104233392607393
23750,0.0452353662337662,-0.0575924934065934,-0.0133341392607393
23751,0.0459425662337662,-0.0548902934065934,-0.0177003392607393
23752,0.0487713662337662,-0.0467836934065934,-0.0206111392607393
23753,0.0487713662337662,-0.0454325934065934,-0.0235219392607393
23754,0.0516001662337662,-0.0454325934065934,-0.0249773392607393
23755,0.0530145662337662,-0.0427303934065934,-0.0264327392607393
23756,0.0544289662337662,-0.0440814934065934,-0.0264327392607393
23757,0.0558433662337662,-0.0427303934065934,-0.0278881392607393
23758,0.0579649662337662,-0.0440814934065934,-0.0264327392607393
23759,0.0600865662337662,-0.0413792934065934,-0.0264327392607393
23760,0.0607937662337662,-0.0386770934065934,-0.0235219392607393
23761,0.0629153662337662,-0.0400281934065934,-0.0235219392607393
23762,0.0657441662337662,-0.0413792934065934,-0.0235219392607393
23763,0.0664513662337662,-0.0413792934065934,-0.0177003392607393
23764,0.0657441662337662,-0.0427303934065934,-0.0177003392607393
23765,0.0650369662337662,-0.0454325934065934,-0.0133341392607393
23766,0.0636225662337662,-0.0508369934065934,-0.00896793926073926
23767,0.0615009662337662,-0.0548902934065934,-0.00314633926073926
23768,0.0586721662337662,-0.0548902934065934,0.00121986073926074
23769,0.0558433662337662,-0.0589435934065934,0.00704146073926074
23770,0.0516001662337662,-0.0602946934065934,0.0128630607392607
23771,0.0494785662337662,-0.0643479934065934,0.00995226073926074
23772,0.0431137662337662,-0.0656990934065934,0.0157738607392607
23773,0.0431137662337662,-0.0643479934065934,0.0172292607392607
23774,0.0416993662337662,-0.0629968934065934,0.0128630607392607
23775,0.0459425662337662,-0.0562413934065934,0.00995226073926074
23776,0.0501857662337662,-0.0494858934065934,0.00121986073926074
23777,0.0593793662337662,-0.0373259934065934,-0.00605713926073926
23778,0.0685729662337662,-0.0265171934065934,-0.0162449392607393
23779,0.0791809662337662,-0.0157083934065934,-0.0249773392607393
23780,0.0848385662337662,-0.00489959340659341,-0.0322543392607393
23781,0.0926177662337662,-0.000846293406593406,-0.0337097392607393
23782,0.0989825662337662,0.00455810659340659,-0.0351651392607393
23783,0.102518566233766,0.0086114065934066,-0.0307989392607393
23784,0.103932966233766,0.0086114065934066,-0.0293435392607393
23785,0.106761766233766,0.0072603065934066,-0.0249773392607393
23786,0.107468966233766,0.00590920659340659,-0.0220665392607393
23787,0.107468966233766,0.00320700659340659,-0.0177003392607393
23788,0.107468966233766,0.000504806593406593,-0.0104233392607393
23789,0.104640166233766,-0.00354849340659341,-0.00314633926073926
23790,0.103225766233766,-0.00489959340659341,0.00267526073926074
23791,0.0989825662337662,-0.00760179340659341,0.00849686073926074
23792,0.0982753662337662,-0.0103039934065934,0.00995226073926074
23793,0.0982753662337662,-0.0089528934065934,0.0157738607392607
23794,0.0940321662337662,-0.0116550934065934,0.0186846607392607
23795,0.0933249662337662,-0.00760179340659341,0.0215954607392607
23796,0.0904961662337662,-0.00760179340659341,0.0245062607392607
23797,0.0883745662337662,-0.00760179340659341,0.0274170607392607
23798,0.0876673662337662,-0.0062506934065934,0.0274170607392607
23799,0.0876673662337662,-0.0062506934065934,0.0288724607392607
23800,0.0869601662337662,-0.0062506934065934,0.0288724607392607
23801,0.0869601662337662,-0.0062506934065934,0.0288724607392607
23802,0.0869601662337662,-0.00489959340659341,0.0288724607392607
23803,0.0890817662337662,-0.00489959340659341,0.0274170607392607
23804,0.0897889662337662,-0.00760179340659341,0.0274170607392607
23805,0.0912033662337662,-0.00760179340659341,0.0274170607392607
23806,0.0933249662337662,-0.0062506934065934,0.0245062607392607
23807,0.0968609662337662,-0.00489959340659341,0.0201400607392607
23808,0.101104166233766,-0.00489959340659341,0.0201400607392607
23809,0.105347366233766,-0.0062506934065934,0.0128630607392607
23810,0.107468966233766,-0.00489959340659341,0.00849686073926074
23811,0.111712166233766,-0.00354849340659341,0.00849686073926074
23812,0.114540966233766,-0.00219739340659341,0.00413066073926074
23813,0.114540966233766,-0.00219739340659341,-0.000235539260739261
23814,0.114540966233766,-0.000846293406593406,-0.00314633926073926
23815,0.115248166233766,-0.00219739340659341,-0.00314633926073926
23816,0.111004966233766,-0.0062506934065934,-0.00460173926073926
23817,0.105347366233766,-0.0116550934065934,-0.00314633926073926
23818,0.0961537662337662,-0.0211127934065934,0.00267526073926074
23819,0.0855457662337662,-0.0305704934065934,0.0114076607392607
23820,0.0763521662337662,-0.0413792934065934,0.0215954607392607
23821,0.0657441662337662,-0.0508369934065934,0.0274170607392607
23822,0.0579649662337662,-0.0562413934065934,0.0317832607392607
23823,0.0565505662337662,-0.0602946934065934,0.0346940607392607
23824,0.0537217662337662,-0.0616457934065934,0.0332386607392607
23825,0.0537217662337662,-0.0629968934065934,0.0303278607392607
23826,0.0558433662337662,-0.0616457934065934,0.0274170607392607
23827,0.0565505662337662,-0.0643479934065934,0.0245062607392607
23828,0.0622081662337662,-0.0629968934065934,0.0215954607392607
23829,0.0650369662337662,-0.0616457934065934,0.0172292607392607
23830,0.0678657662337662,-0.0589435934065934,0.0114076607392607
23831,0.0721089662337662,-0.0589435934065934,0.00704146073926074
23832,0.0756449662337662,-0.0548902934065934,-0.000235539260739261
23833,0.0784737662337662,-0.0535391934065934,-0.00460173926073926
23834,0.0798881662337662,-0.0508369934065934,-0.00751253926073926
23835,0.0827169662337662,-0.0494858934065934,-0.0104233392607393
23836,0.0834241662337662,-0.0481347934065934,-0.0133341392607393
23837,0.0841313662337662,-0.0454325934065934,-0.0133341392607393
23838,0.0827169662337662,-0.0467836934065934,-0.0147895392607393
23839,0.0791809662337662,-0.0454325934065934,-0.0162449392607393
23840,0.0791809662337662,-0.0427303934065934,-0.0162449392607393
23841,0.0770593662337662,-0.0413792934065934,-0.0147895392607393
23842,0.0756449662337662,-0.0427303934065934,-0.0177003392607393
23843,0.0728161662337662,-0.0440814934065934,-0.0162449392607393
23844,0.0728161662337662,-0.0413792934065934,-0.0162449392607393
23845,0.0706945662337662,-0.0413792934065934,-0.0162449392607393
23846,0.0692801662337662,-0.0427303934065934,-0.0133341392607393
23847,0.0692801662337662,-0.0440814934065934,-0.00896793926073926
23848,0.0664513662337662,-0.0481347934065934,-0.00605713926073926
23849,0.0650369662337662,-0.0508369934065934,-0.000235539260739261
23850,0.0622081662337662,-0.0535391934065934,0.00558606073926074
23851,0.0593793662337662,-0.0589435934065934,0.0114076607392607
23852,0.0572577662337662,-0.0616457934065934,0.0143184607392607
23853,0.0565505662337662,-0.0616457934065934,0.0172292607392607
23854,0.0551361662337662,-0.0656990934065934,0.0215954607392607
23855,0.0530145662337662,-0.0670501934065934,0.0245062607392607
23856,0.0537217662337662,-0.0670501934065934,0.0259616607392607
23857,0.0544289662337662,-0.0643479934065934,0.0259616607392607
23858,0.0593793662337662,-0.0602946934065934,0.0245062607392607
23859,0.0643297662337662,-0.0508369934065934,0.0186846607392607
23860,0.0728161662337662,-0.0413792934065934,0.00995226073926074
23861,0.0855457662337662,-0.0292193934065934,-0.00169093926073926
23862,0.0947393662337662,-0.0197616934065934,-0.0104233392607393
23863,0.105347366233766,-0.0103039934065934,-0.0177003392607393
23864,0.112419366233766,-0.000846293406593406,-0.0249773392607393
23865,0.116662566233766,0.00185590659340659,-0.0278881392607393
23866,0.119491366233766,0.00320700659340659,-0.0278881392607393
23867,0.122320166233766,0.00320700659340659,-0.0249773392607393
23868,0.123027366233766,0.00455810659340659,-0.0220665392607393
23869,0.121612966233766,0.00320700659340659,-0.0206111392607393
23870,0.119491366233766,0.00320700659340659,-0.0177003392607393
23871,0.117369766233766,0.00590920659340659,-0.0118787392607393
23872,0.116662566233766,0.00185590659340659,-0.00460173926073926
23873,0.114540966233766,-0.00354849340659341,-0.000235539260739261
23874,0.110297766233766,-0.0062506934065934,0.00704146073926074
23875,0.109590566233766,-0.0103039934065934,0.0128630607392607
23876,0.107468966233766,-0.0157083934065934,0.0186846607392607
23877,0.105347366233766,-0.0157083934065934,0.0215954607392607
23878,0.102518566233766,-0.0211127934065934,0.0230508607392607
23879,0.101104166233766,-0.0224638934065934,0.0259616607392607
23880,0.101811366233766,-0.0251660934065934,0.0303278607392607
23881,0.101811366233766,-0.0238149934065934,0.0274170607392607
23882,0.100396966233766,-0.0265171934065934,0.0303278607392607
23883,0.101104166233766,-0.0265171934065934,0.0303278607392607
23884,0.102518566233766,-0.0251660934065934,0.0303278607392607
23885,0.103932966233766,-0.0265171934065934,0.0317832607392607
23886,0.101811366233766,-0.0251660934065934,0.0332386607392607
23887,0.102518566233766,-0.0238149934065934,0.0288724607392607
23888,0.101104166233766,-0.0211127934065934,0.0274170607392607
23889,0.103225766233766,-0.0184105934065934,0.0230508607392607
23890,0.103225766233766,-0.0184105934065934,0.0201400607392607
23891,0.106761766233766,-0.0157083934065934,0.0157738607392607
23892,0.108176166233766,-0.0116550934065934,0.00995226073926074
23893,0.110297766233766,-0.0062506934065934,0.00704146073926074
23894,0.112419366233766,-0.00489959340659341,0.00413066073926074
23895,0.113833766233766,-0.000846293406593406,-0.000235539260739261
23896,0.118076966233766,0.00320700659340659,0.00121986073926074
23897,0.120198566233766,0.00455810659340659,-0.000235539260739261
23898,0.118784166233766,0.00320700659340659,-0.00314633926073926
23899,0.117369766233766,-0.00219739340659341,-0.000235539260739261
23900,0.114540966233766,-0.0062506934065934,0.00267526073926074
23901,0.109590566233766,-0.0143572934065934,0.00849686073926074
23902,0.0996897662337662,-0.0265171934065934,0.0201400607392607
23903,0.0904961662337662,-0.0400281934065934,0.0303278607392607
23904,0.0798881662337662,-0.0508369934065934,0.0405156607392607
23905,0.0742305662337662,-0.0602946934065934,0.0492480607392607
23906,0.0699873662337662,-0.0656990934065934,0.0536142607392607
23907,0.0664513662337662,-0.0684012934065934,0.0536142607392607
23908,0.0650369662337662,-0.0724545934065934,0.0492480607392607
23909,0.0664513662337662,-0.0738056934065934,0.0477926607392607
23910,0.0671585662337662,-0.0697523934065934,0.0434264607392607
23911,0.0664513662337662,-0.0684012934065934,0.0390602607392607
23912,0.0692801662337662,-0.0670501934065934,0.0332386607392607
23913,0.0714017662337662,-0.0656990934065934,0.0274170607392607
23914,0.0756449662337662,-0.0643479934065934,0.0230508607392607
23915,0.0770593662337662,-0.0602946934065934,0.0157738607392607
23916,0.0805953662337662,-0.0575924934065934,0.00995226073926074
23917,0.0820097662337662,-0.0562413934065934,0.00267526073926074
23918,0.0820097662337662,-0.0521880934065934,-0.000235539260739261
23919,0.0813025662337662,-0.0508369934065934,-0.00460173926073926
23920,0.0848385662337662,-0.0494858934065934,-0.00751253926073926
23921,0.0848385662337662,-0.0508369934065934,-0.0104233392607393
23922,0.0862529662337662,-0.0494858934065934,-0.0104233392607393
23923,0.0869601662337662,-0.0494858934065934,-0.0118787392607393
23924,0.0876673662337662,-0.0481347934065934,-0.0133341392607393
23925,0.0869601662337662,-0.0494858934065934,-0.0118787392607393
23926,0.0876673662337662,-0.0494858934065934,-0.0104233392607393
23927,0.0855457662337662,-0.0508369934065934,-0.00751253926073926
23928,0.0869601662337662,-0.0494858934065934,-0.0104233392607393
23929,0.0855457662337662,-0.0481347934065934,-0.00314633926073926
23930,0.0855457662337662,-0.0521880934065934,-0.00314633926073926
23931,0.0841313662337662,-0.0508369934065934,0.00121986073926074
23932,0.0813025662337662,-0.0535391934065934,0.00995226073926074
23933,0.0784737662337662,-0.0548902934065934,0.0128630607392607
23934,0.0742305662337662,-0.0602946934065934,0.0157738607392607
23935,0.0735233662337662,-0.0602946934065934,0.0215954607392607
23936,0.0685729662337662,-0.0643479934065934,0.0245062607392607
23937,0.0671585662337662,-0.0656990934065934,0.0288724607392607
23938,0.0643297662337662,-0.0684012934065934,0.0303278607392607
23939,0.0643297662337662,-0.0684012934065934,0.0317832607392607
23940,0.0629153662337662,-0.0670501934065934,0.0317832607392607
23941,0.0671585662337662,-0.0629968934065934,0.0288724607392607
23942,0.0714017662337662,-0.0589435934065934,0.0230508607392607
23943,0.0777665662337662,-0.0508369934065934,0.0172292607392607
23944,0.0848385662337662,-0.0400281934065934,0.00558606073926074
23945,0.0975681662337662,-0.0319215934065934,-0.00605713926073926
23946,0.106054566233766,-0.0211127934065934,-0.0162449392607393
23947,0.113833766233766,-0.0157083934065934,-0.0235219392607393
23948,0.121612966233766,-0.0103039934065934,-0.0278881392607393
23949,0.124441766233766,-0.0089528934065934,-0.0264327392607393
23950,0.125856166233766,-0.0062506934065934,-0.0278881392607393
23951,0.125856166233766,-0.0089528934065934,-0.0264327392607393
23952,0.127977766233766,-0.0089528934065934,-0.0249773392607393
23953,0.127977766233766,-0.0103039934065934,-0.0191557392607393
23954,0.127977766233766,-0.0103039934065934,-0.0162449392607393
23955,0.125856166233766,-0.0130061934065934,-0.0104233392607393
23956,0.125856166233766,-0.0170594934065934,-0.00605713926073926
23957,0.123027366233766,-0.0197616934065934,0.00121986073926074
23958,0.119491366233766,-0.0238149934065934,0.00121986073926074
23959,0.116662566233766,-0.0292193934065934,0.00558606073926074
23960,0.113126566233766,-0.0319215934065934,0.00995226073926074
23961,0.112419366233766,-0.0332726934065934,0.0114076607392607
23962,0.110297766233766,-0.0332726934065934,0.0128630607392607
23963,0.111712166233766,-0.0359748934065934,0.0215954607392607
23964,0.108883366233766,-0.0359748934065934,0.0128630607392607
23965,0.108176166233766,-0.0359748934065934,0.0114076607392607
23966,0.110297766233766,-0.0359748934065934,0.0143184607392607
23967,0.109590566233766,-0.0359748934065934,0.0114076607392607
23968,0.109590566233766,-0.0346237934065934,0.0114076607392607
23969,0.108176166233766,-0.0332726934065934,0.0128630607392607
23970,0.111004966233766,-0.0346237934065934,0.0128630607392607
23971,0.111712166233766,-0.0359748934065934,0.0128630607392607
23972,0.111004966233766,-0.0319215934065934,0.0143184607392607
23973,0.115248166233766,-0.0319215934065934,0.00995226073926074
23974,0.120198566233766,-0.0305704934065934,0.00704146073926074
23975,0.122320166233766,-0.0251660934065934,0.00558606073926074
23976,0.125856166233766,-0.0238149934065934,0.00267526073926074
23977,0.126563366233766,-0.0211127934065934,0.00121986073926074
23978,0.130099366233766,-0.0184105934065934,-0.000235539260739261
23979,0.130806566233766,-0.0184105934065934,-0.00169093926073926
23980,0.132928166233766,-0.0170594934065934,-0.00314633926073926
23981,0.132928166233766,-0.0143572934065934,-0.00460173926073926
23982,0.132220966233766,-0.0170594934065934,-0.000235539260739261
23983,0.127270566233766,-0.0197616934065934,-0.00169093926073926
23984,0.119491366233766,-0.0278682934065934,0.00267526073926074
23985,0.111712166233766,-0.0386770934065934,0.0114076607392607
23986,0.0982753662337662,-0.0494858934065934,0.0201400607392607
23987,0.0869601662337662,-0.0589435934065934,0.0317832607392607
23988,0.0791809662337662,-0.0684012934065934,0.0332386607392607
23989,0.0714017662337662,-0.0765078934065934,0.0390602607392607
23990,0.0699873662337662,-0.0805611934065934,0.0390602607392607
23991,0.0692801662337662,-0.0832633934065934,0.0390602607392607
23992,0.0692801662337662,-0.0846144934065934,0.0361494607392607
23993,0.0692801662337662,-0.0846144934065934,0.0303278607392607
23994,0.0714017662337662,-0.0819122934065934,0.0274170607392607
23995,0.0742305662337662,-0.0819122934065934,0.0215954607392607
23996,0.0770593662337662,-0.0778589934065934,0.0157738607392607
23997,0.0777665662337662,-0.0765078934065934,0.00704146073926074
23998,0.0813025662337662,-0.0738056934065934,0.00121986073926074
23999,0.0862529662337662,-0.0697523934065934,-0.00314633926073926
24000,0.0876673662337662,-0.0684012934065934,-0.00605713926073926
24001,0.0912033662337662,-0.0656990934065934,-0.0118787392607393
24002,0.0897889662337662,-0.0643479934065934,-0.0147895392607393
24003,0.0897889662337662,-0.0616457934065934,-0.0147895392607393
24004,0.0897889662337662,-0.0616457934065934,-0.0162449392607393
24005,0.0890817662337662,-0.0616457934065934,-0.0235219392607393
24006,0.0876673662337662,-0.0602946934065934,-0.0118787392607393
24007,0.0869601662337662,-0.0616457934065934,-0.0147895392607393
24008,0.0848385662337662,-0.0602946934065934,-0.0104233392607393
24009,0.0834241662337662,-0.0575924934065934,-0.00896793926073926
24010,0.0827169662337662,-0.0575924934065934,-0.0104233392607393
24011,0.0820097662337662,-0.0562413934065934,-0.00460173926073926
24012,0.0805953662337662,-0.0562413934065934,-0.00460173926073926
24013,0.0805953662337662,-0.0562413934065934,-0.000235539260739261
24014,0.0805953662337662,-0.0602946934065934,0.00121986073926074
24015,0.0798881662337662,-0.0602946934065934,0.00121986073926074
24016,0.0770593662337662,-0.0643479934065934,0.00558606073926074
24017,0.0742305662337662,-0.0684012934065934,0.0128630607392607
24018,0.0721089662337662,-0.0724545934065934,0.0172292607392607
24019,0.0742305662337662,-0.0751567934065934,0.0172292607392607
24020,0.0735233662337662,-0.0792100934065934,0.0186846607392607
24021,0.0728161662337662,-0.0832633934065934,0.0186846607392607
24022,0.0721089662337662,-0.0832633934065934,0.0230508607392607
24023,0.0735233662337662,-0.0846144934065934,0.0215954607392607
24024,0.0749377662337662,-0.0778589934065934,0.0172292607392607
24025,0.0798881662337662,-0.0711034934065934,0.0128630607392607
24026,0.0827169662337662,-0.0656990934065934,0.00558606073926074
24027,0.0919105662337662,-0.0535391934065934,-0.00605713926073926
24028,0.101811366233766,-0.0400281934065934,-0.0147895392607393
24029,0.111712166233766,-0.0305704934065934,-0.0249773392607393
24030,0.120198566233766,-0.0211127934065934,-0.0293435392607393
24031,0.124441766233766,-0.0143572934065934,-0.0337097392607393
24032,0.127977766233766,-0.00760179340659341,-0.0351651392607393
24033,0.128684966233766,-0.0062506934065934,-0.0322543392607393
24034,0.130099366233766,-0.00760179340659341,-0.0307989392607393
24035,0.130806566233766,-0.0089528934065934,-0.0278881392607393
24036,0.131513766233766,-0.0103039934065934,-0.0249773392607393
24037,0.128684966233766,-0.0103039934065934,-0.0235219392607393
24038,0.127270566233766,-0.0130061934065934,-0.0177003392607393
24039,0.127270566233766,-0.0170594934065934,-0.0147895392607393
24040,0.125148966233766,-0.0211127934065934,-0.00605713926073926
24041,0.123734566233766,-0.0265171934065934,-0.000235539260739261
24042,0.123734566233766,-0.0292193934065934,0.00704146073926074
24043,0.120905766233766,-0.0319215934065934,0.0114076607392607
24044,0.120905766233766,-0.0346237934065934,0.0128630607392607
24045,0.120905766233766,-0.0359748934065934,0.0128630607392607
24046,0.123027366233766,-0.0386770934065934,0.0157738607392607
24047,0.123734566233766,-0.0386770934065934,0.0172292607392607
24048,0.122320166233766,-0.0386770934065934,0.0186846607392607
24049,0.123734566233766,-0.0359748934065934,0.0186846607392607
24050,0.123734566233766,-0.0386770934065934,0.0186846607392607
24051,0.123734566233766,-0.0373259934065934,0.0259616607392607
24052,0.124441766233766,-0.0359748934065934,0.0172292607392607
24053,0.126563366233766,-0.0359748934065934,0.0157738607392607
24054,0.127270566233766,-0.0346237934065934,0.0143184607392607
24055,0.127977766233766,-0.0319215934065934,0.00995226073926074
24056,0.130099366233766,-0.0319215934065934,0.00849686073926074
24057,0.133635366233766,-0.0305704934065934,0.00558606073926074
24058,0.135756966233766,-0.0292193934065934,-0.00169093926073926
24059,0.139292966233766,-0.0278682934065934,-0.00314633926073926
24060,0.144243366233766,-0.0265171934065934,-0.00896793926073926
24061,0.147072166233766,-0.0238149934065934,-0.0104233392607393
24062,0.152022566233766,-0.0197616934065934,-0.0147895392607393
24063,0.155558566233766,-0.0197616934065934,-0.0191557392607393
24064,0.156972966233766,-0.0184105934065934,-0.0191557392607393
24065,0.154851366233766,-0.0211127934065934,-0.0235219392607393
24066,0.153436966233766,-0.0211127934065934,-0.0191557392607393
24067,0.148486566233766,-0.0278682934065934,-0.0177003392607393
24068,0.140000166233766,-0.0386770934065934,-0.00896793926073926
24069,0.131513766233766,-0.0481347934065934,0.00121986073926074
24070,0.119491366233766,-0.0616457934065934,0.00995226073926074
24071,0.109590566233766,-0.0697523934065934,0.0172292607392607
24072,0.101811366233766,-0.0765078934065934,0.0230508607392607
24073,0.0947393662337662,-0.0819122934065934,0.0245062607392607
24074,0.0919105662337662,-0.0832633934065934,0.0259616607392607
24075,0.0912033662337662,-0.0846144934065934,0.0259616607392607
24076,0.0933249662337662,-0.0859655934065934,0.0274170607392607
24077,0.0926177662337662,-0.0832633934065934,0.0201400607392607
24078,0.0926177662337662,-0.0805611934065934,0.0157738607392607
24079,0.0968609662337662,-0.0792100934065934,0.00995226073926074
24080,0.0975681662337662,-0.0751567934065934,0.00121986073926074
24081,0.0996897662337662,-0.0724545934065934,0.00267526073926074
24082,0.101811366233766,-0.0711034934065934,-0.00169093926073926
24083,0.105347366233766,-0.0670501934065934,-0.00605713926073926
24084,0.110297766233766,-0.0656990934065934,-0.0104233392607393
24085,0.113126566233766,-0.0643479934065934,-0.0118787392607393
24086,0.114540966233766,-0.0643479934065934,-0.0133341392607393
24087,0.113833766233766,-0.0629968934065934,-0.0147895392607393
24088,0.115248166233766,-0.0629968934065934,-0.0162449392607393
24089,0.118076966233766,-0.0602946934065934,-0.0191557392607393
24090,0.118784166233766,-0.0602946934065934,-0.0162449392607393
24091,0.118076966233766,-0.0629968934065934,-0.0206111392607393
24092,0.117369766233766,-0.0616457934065934,-0.0220665392607393
24093,0.117369766233766,-0.0602946934065934,-0.0235219392607393
24094,0.115248166233766,-0.0575924934065934,-0.0235219392607393
24095,0.115248166233766,-0.0575924934065934,-0.0249773392607393
24096,0.115248166233766,-0.0602946934065934,-0.0249773392607393
24097,0.110297766233766,-0.0589435934065934,-0.0264327392607393
24098,0.108176166233766,-0.0643479934065934,-0.0249773392607393
24099,0.105347366233766,-0.0656990934065934,-0.0220665392607393
24100,0.101104166233766,-0.0684012934065934,-0.0177003392607393
24101,0.101104166233766,-0.0724545934065934,-0.0118787392607393
24102,0.0954465662337662,-0.0711034934065934,-0.0118787392607393
24103,0.0947393662337662,-0.0778589934065934,-0.00751253926073926
24104,0.0919105662337662,-0.0792100934065934,-0.00314633926073926
24105,0.0869601662337662,-0.0832633934065934,-0.00169093926073926
24106,0.0869601662337662,-0.0805611934065934,0.00267526073926074
24107,0.0883745662337662,-0.0805611934065934,0.00121986073926074
24108,0.0940321662337662,-0.0765078934065934,-0.000235539260739261
24109,0.0989825662337662,-0.0711034934065934,-0.000235539260739261
24110,0.106054566233766,-0.0629968934065934,-0.0133341392607393
24111,0.114540966233766,-0.0481347934065934,-0.0206111392607393
24112,0.124441766233766,-0.0373259934065934,-0.0293435392607393
24113,0.134342566233766,-0.0265171934065934,-0.0351651392607393
24114,0.140707366233766,-0.0211127934065934,-0.0380759392607393
24115,0.143536166233766,-0.0170594934065934,-0.0395313392607393
24116,0.144243366233766,-0.0130061934065934,-0.0409867392607393
24117,0.145657766233766,-0.0157083934065934,-0.0380759392607393
24118,0.145657766233766,-0.0143572934065934,-0.0351651392607393
24119,0.146364966233766,-0.0116550934065934,-0.0322543392607393
24120,0.144950566233766,-0.0130061934065934,-0.0293435392607393
24121,0.143536166233766,-0.0116550934065934,-0.0249773392607393
24122,0.140707366233766,-0.0157083934065934,-0.0206111392607393
24123,0.140000166233766,-0.0197616934065934,-0.0162449392607393
24124,0.137171366233766,-0.0211127934065934,-0.0133341392607393
24125,0.135049766233766,-0.0238149934065934,-0.00896793926073926
24126,0.132928166233766,-0.0292193934065934,-0.00751253926073926
24127,0.132928166233766,-0.0319215934065934,-0.00605713926073926
24128,0.131513766233766,-0.0359748934065934,-0.00460173926073926
24129,0.132220966233766,-0.0346237934065934,0.00121986073926074
24130,0.128684966233766,-0.0359748934065934,-0.000235539260739261
24131,0.130099366233766,-0.0386770934065934,0.00121986073926074
24132,0.129392166233766,-0.0373259934065934,0.00413066073926074
24133,0.130099366233766,-0.0359748934065934,0.00704146073926074
24134,0.128684966233766,-0.0373259934065934,0.00704146073926074
24135,0.127270566233766,-0.0346237934065934,0.00849686073926074
24136,0.127270566233766,-0.0359748934065934,0.00704146073926074
24137,0.126563366233766,-0.0359748934065934,0.00849686073926074
24138,0.126563366233766,-0.0332726934065934,0.00849686073926074
24139,0.128684966233766,-0.0305704934065934,0.00558606073926074
24140,0.130806566233766,-0.0265171934065934,0.00121986073926074
24141,0.132928166233766,-0.0251660934065934,-0.000235539260739261
24142,0.137878566233766,-0.0211127934065934,-0.00314633926073926
24143,0.140000166233766,-0.0170594934065934,-0.00751253926073926
24144,0.143536166233766,-0.0130061934065934,-0.00896793926073926
24145,0.143536166233766,-0.0103039934065934,-0.0147895392607393
24146,0.147779366233766,-0.0089528934065934,-0.0191557392607393
24147,0.149193766233766,-0.0062506934065934,-0.0191557392607393
24148,0.150608166233766,-0.00760179340659341,-0.0206111392607393
24149,0.147072166233766,-0.0089528934065934,-0.0191557392607393
24150,0.143536166233766,-0.0157083934065934,-0.0162449392607393
24151,0.138585766233766,-0.0251660934065934,-0.0104233392607393
24152,0.130099366233766,-0.0373259934065934,-0.00314633926073926
24153,0.121612966233766,-0.0508369934065934,0.00704146073926074
24154,0.111004966233766,-0.0589435934065934,0.0157738607392607
24155,0.106054566233766,-0.0670501934065934,0.0201400607392607
24156,0.100396966233766,-0.0751567934065934,0.0215954607392607
24157,0.0982753662337662,-0.0778589934065934,0.0245062607392607
24158,0.0975681662337662,-0.0805611934065934,0.0230508607392607
24159,0.0968609662337662,-0.0805611934065934,0.0215954607392607
24160,0.0975681662337662,-0.0819122934065934,0.0172292607392607
24161,0.101811366233766,-0.0792100934065934,0.0157738607392607
24162,0.103932966233766,-0.0792100934065934,0.0114076607392607
24163,0.106761766233766,-0.0751567934065934,0.00558606073926074
24164,0.108883366233766,-0.0697523934065934,-0.000235539260739261
24165,0.112419366233766,-0.0684012934065934,-0.00314633926073926
24166,0.113833766233766,-0.0629968934065934,-0.0104233392607393
24167,0.118076966233766,-0.0616457934065934,-0.0133341392607393
24168,0.118784166233766,-0.0602946934065934,-0.0191557392607393
24169,0.121612966233766,-0.0575924934065934,-0.0206111392607393
24170,0.120905766233766,-0.0562413934065934,-0.0264327392607393
24171,0.124441766233766,-0.0562413934065934,-0.0264327392607393
24172,0.123027366233766,-0.0575924934065934,-0.0264327392607393
24173,0.121612966233766,-0.0575924934065934,-0.0293435392607393
24174,0.123027366233766,-0.0575924934065934,-0.0293435392607393
24175,0.123027366233766,-0.0562413934065934,-0.0293435392607393
24176,0.119491366233766,-0.0562413934065934,-0.0278881392607393
24177,0.119491366233766,-0.0589435934065934,-0.0293435392607393
24178,0.117369766233766,-0.0562413934065934,-0.0278881392607393
24179,0.117369766233766,-0.0589435934065934,-0.0307989392607393
24180,0.117369766233766,-0.0602946934065934,-0.0293435392607393
24181,0.115248166233766,-0.0616457934065934,-0.0249773392607393
24182,0.113833766233766,-0.0629968934065934,-0.0191557392607393
24183,0.110297766233766,-0.0670501934065934,-0.0177003392607393
24184,0.108883366233766,-0.0684012934065934,-0.0118787392607393
24185,0.108176166233766,-0.0711034934065934,-0.00896793926073926
24186,0.107468966233766,-0.0751567934065934,-0.00605713926073926
24187,0.103932966233766,-0.0751567934065934,-0.000235539260739261
24188,0.103932966233766,-0.0751567934065934,0.00121986073926074
24189,0.103932966233766,-0.0792100934065934,-0.000235539260739261
24190,0.107468966233766,-0.0751567934065934,0.00267526073926074
24191,0.110297766233766,-0.0684012934065934,0.00121986073926074
24192,0.115955366233766,-0.0643479934065934,-0.00460173926073926
24193,0.125856166233766,-0.0575924934065934,-0.0133341392607393
24194,0.135756966233766,-0.0454325934065934,-0.0235219392607393
24195,0.148486566233766,-0.0346237934065934,-0.0351651392607393
24196,0.158387366233766,-0.0265171934065934,-0.0453529392607393
24197,0.164044966233766,-0.0211127934065934,-0.0511745392607393
24198,0.171116966233766,-0.0170594934065934,-0.0540853392607393
24199,0.174652966233766,-0.0157083934065934,-0.0555407392607393
24200,0.176774566233766,-0.0130061934065934,-0.0569961392607393
24201,0.178896166233766,-0.0143572934065934,-0.0584515392607393
24202,0.175360166233766,-0.0157083934065934,-0.0555407392607393
24203,0.174652966233766,-0.0184105934065934,-0.0540853392607393
24204,0.173238566233766,-0.0170594934065934,-0.0468083392607393
24205,0.174652966233766,-0.0184105934065934,-0.0438975392607393
24206,0.170409766233766,-0.0197616934065934,-0.0380759392607393
24207,0.170409766233766,-0.0238149934065934,-0.0351651392607393
24208,0.168995366233766,-0.0278682934065934,-0.0307989392607393
24209,0.166873766233766,-0.0292193934065934,-0.0235219392607393
24210,0.166166566233766,-0.0305704934065934,-0.0191557392607393
24211,0.164044966233766,-0.0332726934065934,-0.0177003392607393
24212,0.163337766233766,-0.0346237934065934,-0.0162449392607393
24213,0.162630566233766,-0.0359748934065934,-0.0147895392607393
24214,0.162630566233766,-0.0346237934065934,-0.00751253926073926
24215,0.163337766233766,-0.0400281934065934,-0.00751253926073926
24216,0.164044966233766,-0.0386770934065934,-0.00896793926073926
24217,0.167580966233766,-0.0413792934065934,-0.00460173926073926
24218,0.166873766233766,-0.0400281934065934,-0.00314633926073926
24219,0.166873766233766,-0.0400281934065934,-0.000235539260739261
24220,0.169702566233766,-0.0400281934065934,0.00121986073926074
24221,0.171116966233766,-0.0359748934065934,0.00267526073926074
24222,0.172531366233766,-0.0359748934065934,-0.000235539260739261
24223,0.171824166233766,-0.0319215934065934,-0.000235539260739261
24224,0.172531366233766,-0.0305704934065934,-0.00460173926073926
24225,0.172531366233766,-0.0265171934065934,-0.00751253926073926
24226,0.172531366233766,-0.0224638934065934,-0.00896793926073926
24227,0.175360166233766,-0.0170594934065934,-0.00896793926073926
24228,0.178188966233766,-0.0116550934065934,-0.0147895392607393
24229,0.181017766233766,-0.00760179340659341,-0.0177003392607393
24230,0.184553766233766,-0.00760179340659341,-0.0206111392607393
24231,0.189504166233766,-0.00760179340659341,-0.0249773392607393
24232,0.188089766233766,-0.0130061934065934,-0.0293435392607393
24233,0.186675366233766,-0.0170594934065934,-0.0249773392607393
24234,0.184553766233766,-0.0251660934065934,-0.0206111392607393
24235,0.176067366233766,-0.0386770934065934,-0.0133341392607393
24236,0.166873766233766,-0.0494858934065934,-0.00605713926073926
24237,0.158387366233766,-0.0602946934065934,0.00413066073926074
24238,0.150608166233766,-0.0738056934065934,0.00995226073926074
24239,0.145657766233766,-0.0792100934065934,0.0114076607392607
24240,0.144243366233766,-0.0819122934065934,0.0114076607392607
24241,0.140000166233766,-0.0873166934065934,0.0128630607392607
24242,0.139292966233766,-0.0859655934065934,0.0114076607392607
24243,0.137878566233766,-0.0859655934065934,0.00558606073926074
24244,0.137171366233766,-0.0832633934065934,0.00121986073926074
24245,0.137878566233766,-0.0819122934065934,-0.000235539260739261
24246,0.137878566233766,-0.0805611934065934,-0.00314633926073926
24247,0.137171366233766,-0.0765078934065934,-0.0118787392607393
24248,0.139292966233766,-0.0738056934065934,-0.0147895392607393
24249,0.139292966233766,-0.0697523934065934,-0.0206111392607393
24250,0.142828966233766,-0.0697523934065934,-0.0264327392607393
24251,0.143536166233766,-0.0656990934065934,-0.0293435392607393
24252,0.148486566233766,-0.0643479934065934,-0.0307989392607393
24253,0.152022566233766,-0.0629968934065934,-0.0307989392607393
24254,0.153436966233766,-0.0616457934065934,-0.0322543392607393
24255,0.153436966233766,-0.0629968934065934,-0.0337097392607393
24256,0.152729766233766,-0.0643479934065934,-0.0337097392607393
24257,0.154144166233766,-0.0602946934065934,-0.0351651392607393
24258,0.154851366233766,-0.0602946934065934,-0.0351651392607393
24259,0.153436966233766,-0.0643479934065934,-0.0322543392607393
24260,0.155558566233766,-0.0656990934065934,-0.0366205392607393
24261,0.156265766233766,-0.0670501934065934,-0.0366205392607393
24262,0.156265766233766,-0.0670501934065934,-0.0366205392607393
24263,0.154144166233766,-0.0670501934065934,-0.0337097392607393
24264,0.151315366233766,-0.0697523934065934,-0.0322543392607393
24265,0.148486566233766,-0.0738056934065934,-0.0278881392607393
24266,0.145657766233766,-0.0751567934065934,-0.0249773392607393
24267,0.140000166233766,-0.0765078934065934,-0.0206111392607393
24268,0.135756966233766,-0.0792100934065934,-0.0177003392607393
24269,0.130806566233766,-0.0792100934065934,-0.0133341392607393
24270,0.127270566233766,-0.0819122934065934,-0.0104233392607393
24271,0.123027366233766,-0.0805611934065934,-0.00896793926073926
24272,0.120905766233766,-0.0819122934065934,-0.00605713926073926
24273,0.120198566233766,-0.0792100934065934,-0.00314633926073926
24274,0.121612966233766,-0.0751567934065934,-0.00314633926073926
24275,0.125148966233766,-0.0697523934065934,-0.00896793926073926
24276,0.132928166233766,-0.0616457934065934,-0.0162449392607393
24277,0.143536166233766,-0.0535391934065934,-0.0235219392607393
24278,0.155558566233766,-0.0413792934065934,-0.0351651392607393
24279,0.166873766233766,-0.0346237934065934,-0.0468083392607393
24280,0.176067366233766,-0.0265171934065934,-0.0511745392607393
24281,0.182432166233766,-0.0211127934065934,-0.0569961392607393
24282,0.185968166233766,-0.0157083934065934,-0.0599069392607393
24283,0.190211366233766,-0.0170594934065934,-0.0613623392607393
24284,0.193747366233766,-0.0143572934065934,-0.0613623392607393
24285,0.192332966233766,-0.0170594934065934,-0.0599069392607393
24286,0.192332966233766,-0.0170594934065934,-0.0584515392607393
24287,0.191625766233766,-0.0184105934065934,-0.0540853392607393
24288,0.189504166233766,-0.0224638934065934,-0.0482637392607393
24289,0.189504166233766,-0.0265171934065934,-0.0438975392607393
24290,0.184553766233766,-0.0305704934065934,-0.0424421392607393
24291,0.180310566233766,-0.0346237934065934,-0.0380759392607393
24292,0.178896166233766,-0.0359748934065934,-0.0322543392607393
24293,0.176774566233766,-0.0400281934065934,-0.0278881392607393
24294,0.175360166233766,-0.0400281934065934,-0.0235219392607393
24295,0.171824166233766,-0.0400281934065934,-0.0191557392607393
24296,0.173945766233766,-0.0400281934065934,-0.0177003392607393
24297,0.174652966233766,-0.0386770934065934,-0.0147895392607393
24298,0.173945766233766,-0.0386770934065934,-0.0162449392607393
24299,0.173945766233766,-0.0400281934065934,-0.00896793926073926
24300,0.175360166233766,-0.0373259934065934,-0.00605713926073926
24301,0.176067366233766,-0.0386770934065934,-0.00605713926073926
24302,0.176067366233766,-0.0400281934065934,-0.00314633926073926
24303,0.177481766233766,-0.0400281934065934,0.00121986073926074
24304,0.177481766233766,-0.0386770934065934,0.00121986073926074
24305,0.179603366233766,-0.0400281934065934,-0.00169093926073926
24306,0.181017766233766,-0.0400281934065934,-0.00314633926073926
24307,0.183846566233766,-0.0359748934065934,-0.00314633926073926
24308,0.186675366233766,-0.0332726934065934,-0.00605713926073926
24309,0.191625766233766,-0.0319215934065934,-0.0118787392607393
24310,0.194454566233766,-0.0278682934065934,-0.0162449392607393
24311,0.198697766233766,-0.0238149934065934,-0.0220665392607393
24312,0.199404966233766,-0.0170594934065934,-0.0278881392607393
24313,0.202233766233766,-0.0130061934065934,-0.0293435392607393
24314,0.202233766233766,-0.0116550934065934,-0.0351651392607393
24315,0.202233766233766,-0.0130061934065934,-0.0380759392607393
24316,0.197990566233766,-0.0170594934065934,-0.0395313392607393
24317,0.193747366233766,-0.0238149934065934,-0.0351651392607393
24318,0.186675366233766,-0.0346237934065934,-0.0278881392607393
24319,0.178188966233766,-0.0481347934065934,-0.0206111392607393
24320,0.168995366233766,-0.0602946934065934,-0.0133341392607393
24321,0.161923366233766,-0.0684012934065934,-0.00605713926073926
24322,0.157680166233766,-0.0751567934065934,0.00121986073926074
24323,0.155558566233766,-0.0792100934065934,0.00704146073926074
24324,0.153436966233766,-0.0792100934065934,0.00558606073926074
24325,0.154144166233766,-0.0778589934065934,0.00704146073926074
24326,0.155558566233766,-0.0832633934065934,0.00267526073926074
24327,0.158387366233766,-0.0805611934065934,0.00267526073926074
24328,0.159801766233766,-0.0805611934065934,0.00121986073926074
24329,0.162630566233766,-0.0792100934065934,-0.00169093926073926
24330,0.164752166233766,-0.0765078934065934,-0.00460173926073926
24331,0.166873766233766,-0.0751567934065934,-0.00751253926073926
24332,0.171116966233766,-0.0711034934065934,-0.0104233392607393
24333,0.169702566233766,-0.0697523934065934,-0.0147895392607393
24334,0.171116966233766,-0.0684012934065934,-0.0147895392607393
24335,0.173945766233766,-0.0656990934065934,-0.0206111392607393
24336,0.176774566233766,-0.0643479934065934,-0.0220665392607393
24337,0.178188966233766,-0.0629968934065934,-0.0206111392607393
24338,0.173945766233766,-0.0643479934065934,-0.0278881392607393
24339,0.176774566233766,-0.0616457934065934,-0.0278881392607393
24340,0.178188966233766,-0.0589435934065934,-0.0278881392607393
24341,0.178896166233766,-0.0575924934065934,-0.0322543392607393
24342,0.180310566233766,-0.0575924934065934,-0.0337097392607393
24343,0.178896166233766,-0.0562413934065934,-0.0337097392607393
24344,0.179603366233766,-0.0575924934065934,-0.0351651392607393
24345,0.178188966233766,-0.0589435934065934,-0.0351651392607393
24346,0.176774566233766,-0.0602946934065934,-0.0322543392607393
24347,0.176067366233766,-0.0643479934065934,-0.0293435392607393
24348,0.176774566233766,-0.0643479934065934,-0.0264327392607393
24349,0.173945766233766,-0.0684012934065934,-0.0235219392607393
24350,0.171824166233766,-0.0738056934065934,-0.0206111392607393
24351,0.166873766233766,-0.0778589934065934,-0.0147895392607393
24352,0.164752166233766,-0.0805611934065934,-0.00896793926073926
24353,0.161923366233766,-0.0819122934065934,-0.00751253926073926
24354,0.158387366233766,-0.0832633934065934,-0.00314633926073926
24355,0.156972966233766,-0.0819122934065934,-0.00169093926073926
24356,0.154144166233766,-0.0819122934065934,0.00121986073926074
24357,0.157680166233766,-0.0778589934065934,-0.00314633926073926
24358,0.159094566233766,-0.0738056934065934,-0.00460173926073926
24359,0.164752166233766,-0.0643479934065934,-0.0118787392607393
24360,0.171824166233766,-0.0548902934065934,-0.0177003392607393
24361,0.183846566233766,-0.0454325934065934,-0.0293435392607393
24362,0.194454566233766,-0.0319215934065934,-0.0395313392607393
24363,0.201526566233766,-0.0238149934065934,-0.0482637392607393
24364,0.206476966233766,-0.0211127934065934,-0.0526299392607393
24365,0.212134566233766,-0.0157083934065934,-0.0555407392607393
24366,0.214963366233766,-0.0130061934065934,-0.0569961392607393
24367,0.214256166233766,-0.0143572934065934,-0.0599069392607393
24368,0.212841766233766,-0.0130061934065934,-0.0613623392607393
24369,0.212841766233766,-0.0157083934065934,-0.0555407392607393
24370,0.211427366233766,-0.0170594934065934,-0.0526299392607393
24371,0.209305766233766,-0.0211127934065934,-0.0511745392607393
24372,0.206476966233766,-0.0238149934065934,-0.0424421392607393
24373,0.201526566233766,-0.0265171934065934,-0.0366205392607393
24374,0.199404966233766,-0.0319215934065934,-0.0293435392607393
24375,0.195161766233766,-0.0359748934065934,-0.0220665392607393
24376,0.193040166233766,-0.0400281934065934,-0.0177003392607393
24377,0.190918566233766,-0.0413792934065934,-0.0147895392607393
24378,0.187382566233766,-0.0440814934065934,-0.0162449392607393
24379,0.184553766233766,-0.0454325934065934,-0.0118787392607393
24380,0.183846566233766,-0.0454325934065934,-0.0104233392607393
24381,0.182432166233766,-0.0440814934065934,-0.00896793926073926
24382,0.185968166233766,-0.0413792934065934,-0.00751253926073926
24383,0.185968166233766,-0.0413792934065934,-0.00751253926073926
24384,0.185968166233766,-0.0386770934065934,-0.00751253926073926
24385,0.186675366233766,-0.0373259934065934,-0.00896793926073926
24386,0.190211366233766,-0.0359748934065934,-0.00896793926073926
24387,0.190918566233766,-0.0332726934065934,-0.0104233392607393
24388,0.193040166233766,-0.0346237934065934,-0.0147895392607393
24389,0.193747366233766,-0.0332726934065934,-0.0147895392607393
24390,0.197283366233766,-0.0332726934065934,-0.0235219392607393
24391,0.198697766233766,-0.0305704934065934,-0.0235219392607393
24392,0.202940966233766,-0.0305704934065934,-0.0278881392607393
24393,0.204355366233766,-0.0265171934065934,-0.0307989392607393
24394,0.209305766233766,-0.0224638934065934,-0.0366205392607393
24395,0.210012966233766,-0.0211127934065934,-0.0395313392607393
24396,0.210012966233766,-0.0211127934065934,-0.0468083392607393
24397,0.210720166233766,-0.0157083934065934,-0.0453529392607393
24398,0.211427366233766,-0.0157083934065934,-0.0482637392607393
24399,0.207184166233766,-0.0170594934065934,-0.0453529392607393
24400,0.204355366233766,-0.0238149934065934,-0.0438975392607393
24401,0.197283366233766,-0.0319215934065934,-0.0366205392607393
24402,0.188796966233766,-0.0427303934065934,-0.0249773392607393
24403,0.178896166233766,-0.0548902934065934,-0.0118787392607393
24404,0.168995366233766,-0.0643479934065934,-0.00314633926073926
24405,0.162630566233766,-0.0751567934065934,0.00267526073926074
24406,0.158387366233766,-0.0792100934065934,0.00995226073926074
24407,0.153436966233766,-0.0846144934065934,0.00995226073926074
24408,0.154144166233766,-0.0873166934065934,0.0128630607392607
24409,0.154851366233766,-0.0873166934065934,0.0114076607392607
24410,0.154851366233766,-0.0886677934065934,0.0114076607392607
24411,0.156265766233766,-0.0859655934065934,0.00704146073926074
24412,0.160508966233766,-0.0832633934065934,0.00413066073926074
24413,0.164044966233766,-0.0792100934065934,-0.00169093926073926
24414,0.165459366233766,-0.0751567934065934,-0.00896793926073926
24415,0.169702566233766,-0.0751567934065934,-0.0133341392607393
24416,0.170409766233766,-0.0697523934065934,-0.0177003392607393
24417,0.172531366233766,-0.0697523934065934,-0.0206111392607393
24418,0.174652966233766,-0.0670501934065934,-0.0249773392607393
24419,0.176774566233766,-0.0643479934065934,-0.0307989392607393
24420,0.174652966233766,-0.0602946934065934,-0.0322543392607393
24421,0.175360166233766,-0.0602946934065934,-0.0337097392607393
24422,0.178896166233766,-0.0575924934065934,-0.0337097392607393
24423,0.178896166233766,-0.0589435934065934,-0.0366205392607393
24424,0.178188966233766,-0.0562413934065934,-0.0351651392607393
24425,0.178896166233766,-0.0548902934065934,-0.0351651392607393
24426,0.178896166233766,-0.0575924934065934,-0.0351651392607393
24427,0.178188966233766,-0.0575924934065934,-0.0337097392607393
24428,0.179603366233766,-0.0602946934065934,-0.0351651392607393
24429,0.179603366233766,-0.0589435934065934,-0.0351651392607393
24430,0.176067366233766,-0.0575924934065934,-0.0293435392607393
24431,0.178896166233766,-0.0616457934065934,-0.0293435392607393
24432,0.176774566233766,-0.0643479934065934,-0.0220665392607393
24433,0.176067366233766,-0.0711034934065934,-0.0177003392607393
24434,0.169702566233766,-0.0738056934065934,-0.0118787392607393
24435,0.167580966233766,-0.0765078934065934,-0.00896793926073926
24436,0.163337766233766,-0.0805611934065934,-0.00605713926073926
24437,0.161216166233766,-0.0805611934065934,-0.000235539260739261
24438,0.158387366233766,-0.0819122934065934,0.00121986073926074
24439,0.157680166233766,-0.0832633934065934,0.00267526073926074
24440,0.158387366233766,-0.0805611934065934,0.00267526073926074
24441,0.159801766233766,-0.0765078934065934,-0.000235539260739261
24442,0.164044966233766,-0.0697523934065934,-0.00460173926073926
24443,0.171116966233766,-0.0643479934065934,-0.0147895392607393
24444,0.182432166233766,-0.0508369934065934,-0.0249773392607393
24445,0.191625766233766,-0.0400281934065934,-0.0366205392607393
24446,0.202233766233766,-0.0305704934065934,-0.0438975392607393
24447,0.211427366233766,-0.0265171934065934,-0.0511745392607393
24448,0.218499366233766,-0.0211127934065934,-0.0555407392607393
24449,0.219913766233766,-0.0211127934065934,-0.0569961392607393
24450,0.225571366233766,-0.0184105934065934,-0.0540853392607393
24451,0.226278566233766,-0.0197616934065934,-0.0511745392607393
24452,0.226278566233766,-0.0224638934065934,-0.0497191392607393
24453,0.226278566233766,-0.0265171934065934,-0.0468083392607393
24454,0.222742566233766,-0.0278682934065934,-0.0424421392607393
24455,0.221328166233766,-0.0319215934065934,-0.0395313392607393
24456,0.217084966233766,-0.0319215934065934,-0.0337097392607393
24457,0.214256166233766,-0.0373259934065934,-0.0278881392607393
24458,0.210720166233766,-0.0413792934065934,-0.0249773392607393
24459,0.207891366233766,-0.0440814934065934,-0.0235219392607393
24460,0.205769766233766,-0.0494858934065934,-0.0235219392607393
24461,0.201526566233766,-0.0508369934065934,-0.0206111392607393
24462,0.199404966233766,-0.0521880934065934,-0.0191557392607393
24463,0.199404966233766,-0.0521880934065934,-0.0162449392607393
24464,0.196576166233766,-0.0521880934065934,-0.0147895392607393
24465,0.196576166233766,-0.0508369934065934,-0.0118787392607393
24466,0.197283366233766,-0.0481347934065934,-0.0104233392607393
24467,0.195868966233766,-0.0481347934065934,-0.00896793926073926
24468,0.196576166233766,-0.0467836934065934,-0.00896793926073926
24469,0.196576166233766,-0.0454325934065934,-0.00751253926073926
24470,0.199404966233766,-0.0440814934065934,-0.00605713926073926
24471,0.197990566233766,-0.0413792934065934,-0.00751253926073926
24472,0.199404966233766,-0.0386770934065934,-0.00751253926073926
24473,0.202940966233766,-0.0359748934065934,-0.0104233392607393
24474,0.207184166233766,-0.0346237934065934,-0.0147895392607393
24475,0.208598566233766,-0.0332726934065934,-0.0191557392607393
24476,0.214256166233766,-0.0319215934065934,-0.0206111392607393
24477,0.215670566233766,-0.0278682934065934,-0.0249773392607393
24478,0.219913766233766,-0.0278682934065934,-0.0278881392607393
24479,0.224864166233766,-0.0265171934065934,-0.0322543392607393
24480,0.224864166233766,-0.0265171934065934,-0.0351651392607393
24481,0.224864166233766,-0.0278682934065934,-0.0351651392607393
24482,0.222742566233766,-0.0278682934065934,-0.0351651392607393
24483,0.219913766233766,-0.0319215934065934,-0.0351651392607393
24484,0.214963366233766,-0.0400281934065934,-0.0293435392607393
24485,0.207184166233766,-0.0494858934065934,-0.0206111392607393
24486,0.195868966233766,-0.0589435934065934,-0.00896793926073926
24487,0.186675366233766,-0.0697523934065934,-0.000235539260739261
24488,0.180310566233766,-0.0792100934065934,0.00558606073926074
24489,0.173945766233766,-0.0846144934065934,0.0143184607392607
24490,0.172531366233766,-0.0900188934065934,0.0143184607392607
24491,0.172531366233766,-0.0873166934065934,0.0143184607392607
24492,0.173238566233766,-0.0913699934065934,0.0143184607392607
24493,0.174652966233766,-0.0873166934065934,0.00995226073926074
24494,0.178188966233766,-0.0873166934065934,0.00849686073926074
24495,0.178896166233766,-0.0873166934065934,0.00413066073926074
24496,0.181017766233766,-0.0832633934065934,0.00121986073926074
24497,0.183846566233766,-0.0819122934065934,-0.00314633926073926
24498,0.186675366233766,-0.0805611934065934,-0.00751253926073926
24499,0.189504166233766,-0.0778589934065934,-0.0118787392607393
24500,0.193040166233766,-0.0751567934065934,-0.0118787392607393
24501,0.193747366233766,-0.0711034934065934,-0.0162449392607393
24502,0.195161766233766,-0.0711034934065934,-0.0206111392607393
24503,0.196576166233766,-0.0697523934065934,-0.0191557392607393
24504,0.195868966233766,-0.0724545934065934,-0.0191557392607393
24505,0.194454566233766,-0.0697523934065934,-0.0206111392607393
24506,0.192332966233766,-0.0711034934065934,-0.0220665392607393
24507,0.190918566233766,-0.0711034934065934,-0.0191557392607393
24508,0.190918566233766,-0.0724545934065934,-0.0206111392607393
24509,0.190918566233766,-0.0656990934065934,-0.0220665392607393
24510,0.188796966233766,-0.0656990934065934,-0.0235219392607393
24511,0.187382566233766,-0.0656990934065934,-0.0206111392607393
24512,0.189504166233766,-0.0629968934065934,-0.0206111392607393
24513,0.188796966233766,-0.0643479934065934,-0.0162449392607393
24514,0.186675366233766,-0.0616457934065934,-0.0147895392607393
24515,0.185260966233766,-0.0643479934065934,-0.0104233392607393
24516,0.185260966233766,-0.0684012934065934,-0.00314633926073926
24517,0.182432166233766,-0.0697523934065934,-0.000235539260739261
24518,0.179603366233766,-0.0751567934065934,0.00413066073926074
24519,0.176774566233766,-0.0778589934065934,0.00704146073926074
24520,0.175360166233766,-0.0819122934065934,0.0128630607392607
24521,0.173238566233766,-0.0859655934065934,0.0157738607392607
24522,0.173238566233766,-0.0859655934065934,0.0172292607392607
24523,0.175360166233766,-0.0859655934065934,0.0172292607392607
24524,0.176067366233766,-0.0832633934065934,0.0143184607392607
24525,0.181017766233766,-0.0805611934065934,0.00995226073926074
24526,0.188796966233766,-0.0724545934065934,-0.000235539260739261
24527,0.200112166233766,-0.0616457934065934,-0.00460173926073926
24528,0.210012966233766,-0.0508369934065934,-0.0206111392607393
24529,0.218499366233766,-0.0400281934065934,-0.0322543392607393
24530,0.227692966233766,-0.0332726934065934,-0.0424421392607393
24531,0.235472166233766,-0.0292193934065934,-0.0482637392607393
24532,0.239715366233766,-0.0278682934065934,-0.0511745392607393
24533,0.242544166233766,-0.0265171934065934,-0.0511745392607393
24534,0.241836966233766,-0.0265171934065934,-0.0511745392607393
24535,0.243958566233766,-0.0305704934065934,-0.0482637392607393
24536,0.243251366233766,-0.0305704934065934,-0.0438975392607393
24537,0.243958566233766,-0.0305704934065934,-0.0409867392607393
24538,0.241836966233766,-0.0319215934065934,-0.0380759392607393
24539,0.240422566233766,-0.0346237934065934,-0.0322543392607393
24540,0.237593766233766,-0.0386770934065934,-0.0278881392607393
24541,0.231936166233766,-0.0413792934065934,-0.0191557392607393
24542,0.229814566233766,-0.0467836934065934,-0.0133341392607393
24543,0.225571366233766,-0.0481347934065934,-0.0104233392607393
24544,0.224864166233766,-0.0521880934065934,-0.00751253926073926
24545,0.222742566233766,-0.0535391934065934,-0.00314633926073926
24546,0.220620966233766,-0.0562413934065934,-0.00169093926073926
24547,0.219913766233766,-0.0575924934065934,0.00121986073926074
24548,0.220620966233766,-0.0602946934065934,0.00558606073926074
24549,0.219913766233766,-0.0602946934065934,0.00558606073926074
24550,0.218499366233766,-0.0602946934065934,0.00849686073926074
24551,0.218499366233766,-0.0602946934065934,0.00849686073926074
24552,0.217084966233766,-0.0575924934065934,0.0114076607392607
24553,0.220620966233766,-0.0589435934065934,0.0128630607392607
24554,0.220620966233766,-0.0575924934065934,0.0114076607392607
24555,0.223449766233766,-0.0548902934065934,0.00849686073926074
24556,0.224864166233766,-0.0535391934065934,0.00704146073926074
24557,0.229107366233766,-0.0467836934065934,0.00121986073926074
24558,0.231228966233766,-0.0440814934065934,-0.00169093926073926
24559,0.234764966233766,-0.0386770934065934,-0.00751253926073926
24560,0.239008166233766,-0.0359748934065934,-0.0147895392607393
24561,0.240422566233766,-0.0332726934065934,-0.0191557392607393
24562,0.243251366233766,-0.0292193934065934,-0.0235219392607393
24563,0.245372966233766,-0.0251660934065934,-0.0264327392607393
24564,0.247494566233766,-0.0251660934065934,-0.0264327392607393
24565,0.245372966233766,-0.0292193934065934,-0.0293435392607393
24566,0.242544166233766,-0.0319215934065934,-0.0278881392607393
24567,0.237593766233766,-0.0373259934065934,-0.0264327392607393
24568,0.229814566233766,-0.0508369934065934,-0.0177003392607393
24569,0.219913766233766,-0.0602946934065934,-0.00751253926073926
24570,0.208598566233766,-0.0711034934065934,0.00413066073926074
24571,0.198697766233766,-0.0819122934065934,0.0128630607392607
24572,0.192332966233766,-0.0927210934065934,0.0201400607392607
24573,0.188796966233766,-0.0967743934065934,0.0259616607392607
24574,0.187382566233766,-0.0994765934065934,0.0245062607392607
24575,0.185260966233766,-0.0994765934065934,0.0230508607392607
24576,0.184553766233766,-0.100827693406593,0.0245062607392607
24577,0.188089766233766,-0.0994765934065934,0.0215954607392607
24578,0.189504166233766,-0.0994765934065934,0.0186846607392607
24579,0.191625766233766,-0.0967743934065934,0.0157738607392607
24580,0.194454566233766,-0.0927210934065934,0.00849686073926074
24581,0.196576166233766,-0.0900188934065934,0.00121986073926074
24582,0.200112166233766,-0.0859655934065934,-0.00169093926073926
24583,0.201526566233766,-0.0819122934065934,-0.00605713926073926
24584,0.205769766233766,-0.0778589934065934,-0.0133341392607393
24585,0.209305766233766,-0.0751567934065934,-0.0147895392607393
24586,0.209305766233766,-0.0751567934065934,-0.0147895392607393
24587,0.212841766233766,-0.0738056934065934,-0.0177003392607393
24588,0.212134566233766,-0.0751567934065934,-0.0162449392607393
24589,0.212134566233766,-0.0751567934065934,-0.0206111392607393
24590,0.213548966233766,-0.0751567934065934,-0.0220665392607393
24591,0.210720166233766,-0.0738056934065934,-0.0191557392607393
24592,0.210720166233766,-0.0751567934065934,-0.0220665392607393
24593,0.210720166233766,-0.0738056934065934,-0.0206111392607393
24594,0.210720166233766,-0.0738056934065934,-0.0206111392607393
24595,0.209305766233766,-0.0751567934065934,-0.0191557392607393
24596,0.207891366233766,-0.0751567934065934,-0.0177003392607393
24597,0.205769766233766,-0.0765078934065934,-0.0162449392607393
24598,0.200819366233766,-0.0765078934065934,-0.00896793926073926
24599,0.196576166233766,-0.0792100934065934,-0.00605713926073926
24600,0.195161766233766,-0.0805611934065934,-0.00169093926073926
24601,0.190918566233766,-0.0846144934065934,0.00267526073926074
24602,0.189504166233766,-0.0846144934065934,0.00849686073926074
24603,0.185260966233766,-0.0886677934065934,0.0128630607392607
24604,0.182432166233766,-0.0900188934065934,0.0172292607392607
24605,0.179603366233766,-0.0927210934065934,0.0172292607392607
24606,0.181017766233766,-0.0927210934065934,0.0215954607392607
24607,0.182432166233766,-0.0873166934065934,0.0230508607392607
24608,0.183846566233766,-0.0832633934065934,0.0157738607392607
24609,0.190918566233766,-0.0751567934065934,0.0114076607392607
24610,0.197283366233766,-0.0629968934065934,-0.000235539260739261
24611,0.207184166233766,-0.0508369934065934,-0.00896793926073926
24612,0.218499366233766,-0.0400281934065934,-0.0220665392607393
24613,0.226985766233766,-0.0319215934065934,-0.0293435392607393
24614,0.231936166233766,-0.0251660934065934,-0.0337097392607393
24615,0.236886566233766,-0.0251660934065934,-0.0351651392607393
24616,0.239715366233766,-0.0197616934065934,-0.0366205392607393
24617,0.240422566233766,-0.0224638934065934,-0.0337097392607393
24618,0.242544166233766,-0.0251660934065934,-0.0351651392607393
24619,0.242544166233766,-0.0251660934065934,-0.0293435392607393
24620,0.240422566233766,-0.0292193934065934,-0.0278881392607393
24621,0.239715366233766,-0.0319215934065934,-0.0249773392607393
24622,0.237593766233766,-0.0332726934065934,-0.0206111392607393
24623,0.235472166233766,-0.0400281934065934,-0.0118787392607393
24624,0.231936166233766,-0.0413792934065934,-0.00751253926073926
24625,0.230521766233766,-0.0494858934065934,-0.000235539260739261
24626,0.228400166233766,-0.0481347934065934,0.00558606073926074
24627,0.226985766233766,-0.0494858934065934,0.00704146073926074
24628,0.225571366233766,-0.0508369934065934,0.00995226073926074
24629,0.224156966233766,-0.0508369934065934,0.00849686073926074
24630,0.222742566233766,-0.0548902934065934,0.0114076607392607
24631,0.222742566233766,-0.0575924934065934,0.0114076607392607
24632,0.222035366233766,-0.0562413934065934,0.0114076607392607
24633,0.220620966233766,-0.0575924934065934,0.0128630607392607
24634,0.220620966233766,-0.0562413934065934,0.0114076607392607
24635,0.221328166233766,-0.0562413934065934,0.0143184607392607
24636,0.221328166233766,-0.0535391934065934,0.0128630607392607
24637,0.222035366233766,-0.0494858934065934,0.00995226073926074
24638,0.224156966233766,-0.0467836934065934,0.0114076607392607
24639,0.224864166233766,-0.0467836934065934,0.00704146073926074
24640,0.227692966233766,-0.0440814934065934,0.00267526073926074
24641,0.229814566233766,-0.0400281934065934,-0.000235539260739261
24642,0.231228966233766,-0.0373259934065934,-0.00314633926073926
24643,0.231936166233766,-0.0346237934065934,-0.00605713926073926
24644,0.236179366233766,-0.0319215934065934,-0.00605713926073926
24645,0.237593766233766,-0.0292193934065934,-0.0118787392607393
24646,0.238300966233766,-0.0278682934065934,-0.00896793926073926
24647,0.241129766233766,-0.0265171934065934,-0.0118787392607393
24648,0.239715366233766,-0.0278682934065934,-0.0133341392607393
24649,0.236179366233766,-0.0305704934065934,-0.0118787392607393
24650,0.229814566233766,-0.0332726934065934,-0.00605713926073926
24651,0.222742566233766,-0.0400281934065934,0.00121986073926074
24652,0.212841766233766,-0.0494858934065934,0.00849686073926074
24653,0.202233766233766,-0.0616457934065934,0.0201400607392607
24654,0.193747366233766,-0.0724545934065934,0.0288724607392607
24655,0.184553766233766,-0.0792100934065934,0.0361494607392607
24656,0.181724966233766,-0.0846144934065934,0.0376048607392607
24657,0.180310566233766,-0.0846144934065934,0.0376048607392607
24658,0.181017766233766,-0.0873166934065934,0.0390602607392607
24659,0.181724966233766,-0.0900188934065934,0.0332386607392607
24660,0.183139366233766,-0.0886677934065934,0.0332386607392607
24661,0.184553766233766,-0.0900188934065934,0.0303278607392607
24662,0.188089766233766,-0.0886677934065934,0.0245062607392607
24663,0.190211366233766,-0.0859655934065934,0.0186846607392607
24664,0.193040166233766,-0.0846144934065934,0.0128630607392607
24665,0.197283366233766,-0.0819122934065934,0.00849686073926074
24666,0.200819366233766,-0.0765078934065934,0.00267526073926074
24667,0.202940966233766,-0.0738056934065934,-0.00169093926073926
24668,0.205769766233766,-0.0724545934065934,-0.00751253926073926
24669,0.207891366233766,-0.0711034934065934,-0.0104233392607393
24670,0.208598566233766,-0.0697523934065934,-0.0133341392607393
24671,0.208598566233766,-0.0697523934065934,-0.0133341392607393
24672,0.207184166233766,-0.0697523934065934,-0.0118787392607393
24673,0.207891366233766,-0.0684012934065934,-0.0147895392607393
24674,0.205769766233766,-0.0656990934065934,-0.0162449392607393
24675,0.205769766233766,-0.0656990934065934,-0.0177003392607393
24676,0.207184166233766,-0.0656990934065934,-0.0177003392607393
24677,0.204355366233766,-0.0670501934065934,-0.0177003392607393
24678,0.203648166233766,-0.0670501934065934,-0.0147895392607393
24679,0.202940966233766,-0.0670501934065934,-0.0162449392607393
24680,0.202940966233766,-0.0670501934065934,-0.0104233392607393
24681,0.200819366233766,-0.0656990934065934,-0.00751253926073926
24682,0.200112166233766,-0.0711034934065934,-0.00314633926073926
24683,0.197283366233766,-0.0697523934065934,0.00267526073926074
24684,0.194454566233766,-0.0738056934065934,0.00704146073926074
24685,0.191625766233766,-0.0778589934065934,0.0114076607392607
24686,0.190211366233766,-0.0778589934065934,0.0172292607392607
24687,0.188796966233766,-0.0819122934065934,0.0230508607392607
24688,0.187382566233766,-0.0832633934065934,0.0259616607392607
24689,0.185260966233766,-0.0846144934065934,0.0274170607392607
24690,0.183846566233766,-0.0819122934065934,0.0288724607392607
24691,0.188796966233766,-0.0792100934065934,0.0274170607392607
24692,0.191625766233766,-0.0724545934065934,0.0230508607392607
24693,0.200819366233766,-0.0589435934065934,0.0128630607392607
24694,0.209305766233766,-0.0481347934065934,0.00413066073926074
24695,0.217792166233766,-0.0386770934065934,-0.00314633926073926
24696,0.228400166233766,-0.0278682934065934,-0.0133341392607393
24697,0.233350566233766,-0.0197616934065934,-0.0162449392607393
24698,0.239715366233766,-0.0103039934065934,-0.0220665392607393
24699,0.240422566233766,-0.0103039934065934,-0.0220665392607393
24700,0.240422566233766,-0.0103039934065934,-0.0191557392607393
24701,0.239008166233766,-0.0116550934065934,-0.0191557392607393
24702,0.239008166233766,-0.0116550934065934,-0.0177003392607393
24703,0.239008166233766,-0.0130061934065934,-0.0147895392607393
24704,0.236886566233766,-0.0143572934065934,-0.0104233392607393
24705,0.233350566233766,-0.0184105934065934,-0.00460173926073926
24706,0.233350566233766,-0.0197616934065934,-0.000235539260739261
24707,0.229814566233766,-0.0238149934065934,0.00558606073926074
24708,0.226985766233766,-0.0251660934065934,0.00558606073926074
24709,0.226985766233766,-0.0251660934065934,0.0114076607392607
24710,0.224156966233766,-0.0305704934065934,0.0143184607392607
24711,0.222742566233766,-0.0319215934065934,0.0172292607392607
24712,0.221328166233766,-0.0332726934065934,0.0157738607392607
24713,0.220620966233766,-0.0346237934065934,0.0157738607392607
24714,0.219913766233766,-0.0359748934065934,0.0201400607392607
24715,0.221328166233766,-0.0359748934065934,0.0201400607392607
24716,0.219913766233766,-0.0359748934065934,0.0215954607392607
24717,0.221328166233766,-0.0373259934065934,0.0230508607392607
24718,0.219913766233766,-0.0386770934065934,0.0215954607392607
24719,0.220620966233766,-0.0386770934065934,0.0230508607392607
24720,0.218499366233766,-0.0386770934065934,0.0186846607392607
24721,0.219206566233766,-0.0373259934065934,0.0186846607392607
24722,0.222742566233766,-0.0373259934065934,0.0128630607392607
24723,0.223449766233766,-0.0346237934065934,0.00995226073926074
24724,0.226278566233766,-0.0305704934065934,0.00558606073926074
24725,0.229107366233766,-0.0278682934065934,-0.000235539260739261
24726,0.232643366233766,-0.0238149934065934,-0.00314633926073926
24727,0.236179366233766,-0.0224638934065934,-0.00605713926073926
24728,0.239715366233766,-0.0197616934065934,-0.0118787392607393
24729,0.243958566233766,-0.0170594934065934,-0.0147895392607393
24730,0.248201766233766,-0.0130061934065934,-0.0162449392607393
24731,0.248201766233766,-0.0157083934065934,-0.0177003392607393
24732,0.248201766233766,-0.0170594934065934,-0.0162449392607393
24733,0.244665766233766,-0.0211127934065934,-0.0118787392607393
24734,0.241836966233766,-0.0292193934065934,-0.00605713926073926
24735,0.232643366233766,-0.0386770934065934,0.00413066073926074
24736,0.221328166233766,-0.0494858934065934,0.0128630607392607
24737,0.211427366233766,-0.0589435934065934,0.0245062607392607
24738,0.204355366233766,-0.0670501934065934,0.0274170607392607
24739,0.197283366233766,-0.0724545934065934,0.0317832607392607
24740,0.191625766233766,-0.0751567934065934,0.0361494607392607
24741,0.190918566233766,-0.0751567934065934,0.0346940607392607
24742,0.188089766233766,-0.0765078934065934,0.0332386607392607
24743,0.189504166233766,-0.0765078934065934,0.0317832607392607
24744,0.189504166233766,-0.0751567934065934,0.0317832607392607
24745,0.190918566233766,-0.0765078934065934,0.0245062607392607
24746,0.193747366233766,-0.0711034934065934,0.0201400607392607
24747,0.195868966233766,-0.0670501934065934,0.0172292607392607
24748,0.198697766233766,-0.0656990934065934,0.00995226073926074
24749,0.203648166233766,-0.0616457934065934,0.00704146073926074
24750,0.207891366233766,-0.0562413934065934,0.00413066073926074
24751,0.210012966233766,-0.0535391934065934,0.00121986073926074
24752,0.212134566233766,-0.0521880934065934,-0.00169093926073926
24753,0.214963366233766,-0.0494858934065934,-0.00169093926073926
24754,0.218499366233766,-0.0454325934065934,-0.00314633926073926
24755,0.222742566233766,-0.0481347934065934,-0.00314633926073926
24756,0.224864166233766,-0.0454325934065934,-0.00169093926073926
24757,0.224864166233766,-0.0481347934065934,-0.00314633926073926
24758,0.226278566233766,-0.0508369934065934,0.00121986073926074
24759,0.226278566233766,-0.0508369934065934,-0.000235539260739261
24760,0.227692966233766,-0.0521880934065934,-0.00169093926073926
24761,0.224156966233766,-0.0508369934065934,0.00121986073926074
24762,0.224156966233766,-0.0508369934065934,0.00121986073926074
24763,0.222742566233766,-0.0521880934065934,0.00558606073926074
24764,0.219206566233766,-0.0535391934065934,0.00849686073926074
24765,0.216377766233766,-0.0548902934065934,0.0128630607392607
24766,0.211427366233766,-0.0575924934065934,0.0172292607392607
24767,0.208598566233766,-0.0629968934065934,0.0201400607392607
24768,0.207891366233766,-0.0616457934065934,0.0230508607392607
24769,0.202940966233766,-0.0656990934065934,0.0288724607392607
24770,0.200819366233766,-0.0697523934065934,0.0317832607392607
24771,0.197283366233766,-0.0724545934065934,0.0361494607392607
24772,0.199404966233766,-0.0751567934065934,0.0376048607392607
24773,0.197990566233766,-0.0738056934065934,0.0390602607392607
24774,0.200819366233766,-0.0697523934065934,0.0390602607392607
24775,0.205769766233766,-0.0656990934065934,0.0376048607392607
24776,0.214256166233766,-0.0575924934065934,0.0288724607392607
24777,0.223449766233766,-0.0454325934065934,0.0157738607392607
24778,0.234057766233766,-0.0359748934065934,0.00413066073926074
24779,0.243958566233766,-0.0265171934065934,-0.00314633926073926
24780,0.248201766233766,-0.0197616934065934,-0.0133341392607393
24781,0.254566566233766,-0.0116550934065934,-0.0147895392607393
24782,0.257395366233766,-0.0103039934065934,-0.0177003392607393
24783,0.258809766233766,-0.0062506934065934,-0.0162449392607393
24784,0.258102566233766,-0.0089528934065934,-0.0162449392607393
24785,0.255980966233766,-0.0089528934065934,-0.0147895392607393
24786,0.253152166233766,-0.0130061934065934,-0.0118787392607393
24787,0.251737766233766,-0.0103039934065934,-0.00896793926073926
24788,0.246787366233766,-0.0143572934065934,-0.00460173926073926
24789,0.241836966233766,-0.0170594934065934,0.00267526073926074
24790,0.236179366233766,-0.0211127934065934,0.00704146073926074
24791,0.231228966233766,-0.0238149934065934,0.0114076607392607
24792,0.230521766233766,-0.0278682934065934,0.0157738607392607
24793,0.225571366233766,-0.0305704934065934,0.0201400607392607
24794,0.224864166233766,-0.0319215934065934,0.0201400607392607
24795,0.224156966233766,-0.0332726934065934,0.0215954607392607
24796,0.222742566233766,-0.0332726934065934,0.0215954607392607
24797,0.223449766233766,-0.0373259934065934,0.0215954607392607
24798,0.222742566233766,-0.0359748934065934,0.0215954607392607
24799,0.222742566233766,-0.0359748934065934,0.0201400607392607
24800,0.224156966233766,-0.0373259934065934,0.0186846607392607
24801,0.224864166233766,-0.0373259934065934,0.0215954607392607
24802,0.226278566233766,-0.0386770934065934,0.0259616607392607
24803,0.226278566233766,-0.0359748934065934,0.0186846607392607
24804,0.227692966233766,-0.0359748934065934,0.0157738607392607
24805,0.227692966233766,-0.0359748934065934,0.0157738607392607
24806,0.231228966233766,-0.0319215934065934,0.0128630607392607
24807,0.231228966233766,-0.0265171934065934,0.00704146073926074
24808,0.231936166233766,-0.0238149934065934,0.00267526073926074
24809,0.234764966233766,-0.0197616934065934,-0.00314633926073926
24810,0.234764966233766,-0.0184105934065934,-0.00896793926073926
24811,0.236886566233766,-0.0143572934065934,-0.0118787392607393
24812,0.237593766233766,-0.0103039934065934,-0.0147895392607393
24813,0.237593766233766,-0.00760179340659341,-0.0191557392607393
24814,0.236886566233766,-0.00760179340659341,-0.0220665392607393
24815,0.237593766233766,-0.0103039934065934,-0.0220665392607393
24816,0.233350566233766,-0.0157083934065934,-0.0206111392607393
24817,0.229107366233766,-0.0211127934065934,-0.0147895392607393
24818,0.220620966233766,-0.0332726934065934,-0.00605713926073926
24819,0.210012966233766,-0.0454325934065934,0.00704146073926074
24820,0.200819366233766,-0.0575924934065934,0.0157738607392607
24821,0.194454566233766,-0.0670501934065934,0.0230508607392607
24822,0.187382566233766,-0.0711034934065934,0.0317832607392607
24823,0.187382566233766,-0.0765078934065934,0.0361494607392607
24824,0.185968166233766,-0.0778589934065934,0.0346940607392607
24825,0.186675366233766,-0.0792100934065934,0.0346940607392607
24826,0.187382566233766,-0.0778589934065934,0.0332386607392607
24827,0.189504166233766,-0.0751567934065934,0.0317832607392607
24828,0.192332966233766,-0.0751567934065934,0.0288724607392607
24829,0.193040166233766,-0.0751567934065934,0.0215954607392607
24830,0.195161766233766,-0.0724545934065934,0.0186846607392607
24831,0.199404966233766,-0.0697523934065934,0.0157738607392607
24832,0.201526566233766,-0.0656990934065934,0.0114076607392607
24833,0.204355366233766,-0.0602946934065934,0.00849686073926074
24834,0.207184166233766,-0.0562413934065934,0.00558606073926074
24835,0.209305766233766,-0.0548902934065934,0.00704146073926074
24836,0.214963366233766,-0.0508369934065934,0.00995226073926074
24837,0.214963366233766,-0.0494858934065934,0.00704146073926074
24838,0.214963366233766,-0.0508369934065934,0.00704146073926074
24839,0.215670566233766,-0.0494858934065934,0.00995226073926074
24840,0.217084966233766,-0.0508369934065934,0.00704146073926074
24841,0.217084966233766,-0.0494858934065934,0.00704146073926074
24842,0.217792166233766,-0.0481347934065934,0.00849686073926074
24843,0.218499366233766,-0.0508369934065934,0.00995226073926074
24844,0.220620966233766,-0.0508369934065934,0.00995226073926074
24845,0.222035366233766,-0.0508369934065934,0.00849686073926074
24846,0.222035366233766,-0.0521880934065934,0.0128630607392607
24847,0.221328166233766,-0.0548902934065934,0.0128630607392607
24848,0.218499366233766,-0.0562413934065934,0.0172292607392607
24849,0.217084966233766,-0.0589435934065934,0.0201400607392607
24850,0.213548966233766,-0.0589435934065934,0.0274170607392607
24851,0.212841766233766,-0.0602946934065934,0.0288724607392607
24852,0.210012966233766,-0.0656990934065934,0.0332386607392607
24853,0.208598566233766,-0.0697523934065934,0.0361494607392607
24854,0.208598566233766,-0.0684012934065934,0.0405156607392607
24855,0.205769766233766,-0.0724545934065934,0.0405156607392607
24856,0.204355366233766,-0.0738056934065934,0.0434264607392607
24857,0.207184166233766,-0.0697523934065934,0.0434264607392607
24858,0.211427366233766,-0.0629968934065934,0.0405156607392607
24859,0.219206566233766,-0.0562413934065934,0.0332386607392607
24860,0.227692966233766,-0.0481347934065934,0.0245062607392607
24861,0.237593766233766,-0.0359748934065934,0.0172292607392607
24862,0.250323366233766,-0.0251660934065934,0.00558606073926074
24863,0.255980966233766,-0.0170594934065934,0.00121986073926074
24864,0.263760166233766,-0.0116550934065934,-0.000235539260739261
24865,0.268710566233766,-0.0089528934065934,-0.00314633926073926
24866,0.268710566233766,-0.0089528934065934,-0.00314633926073926
24867,0.272246566233766,-0.0103039934065934,-0.00460173926073926
24868,0.272953766233766,-0.0089528934065934,-0.00314633926073926
24869,0.270124966233766,-0.0116550934065934,0.00121986073926074
24870,0.270832166233766,-0.0143572934065934,0.00558606073926074
24871,0.268710566233766,-0.0184105934065934,0.00849686073926074
24872,0.264467366233766,-0.0170594934065934,0.0128630607392607
24873,0.262345766233766,-0.0251660934065934,0.0172292607392607
24874,0.259516966233766,-0.0265171934065934,0.0201400607392607
24875,0.257395366233766,-0.0305704934065934,0.0230508607392607
24876,0.253859366233766,-0.0359748934065934,0.0259616607392607
24877,0.252444966233766,-0.0386770934065934,0.0259616607392607
24878,0.251030566233766,-0.0413792934065934,0.0332386607392607
24879,0.251030566233766,-0.0400281934065934,0.0259616607392607
24880,0.251030566233766,-0.0400281934065934,0.0245062607392607
24881,0.249616166233766,-0.0413792934065934,0.0230508607392607
24882,0.250323366233766,-0.0386770934065934,0.0230508607392607
24883,0.251737766233766,-0.0413792934065934,0.0245062607392607
24884,0.251737766233766,-0.0413792934065934,0.0215954607392607
24885,0.252444966233766,-0.0413792934065934,0.0230508607392607
24886,0.253152166233766,-0.0413792934065934,0.0230508607392607
24887,0.253859366233766,-0.0386770934065934,0.0230508607392607
24888,0.255273766233766,-0.0400281934065934,0.0172292607392607
24889,0.255273766233766,-0.0373259934065934,0.0172292607392607
24890,0.258102566233766,-0.0373259934065934,0.00995226073926074
24891,0.261638566233766,-0.0359748934065934,0.00558606073926074
24892,0.263760166233766,-0.0332726934065934,0.00413066073926074
24893,0.266588966233766,-0.0292193934065934,0.00121986073926074
24894,0.270124966233766,-0.0292193934065934,-0.00314633926073926
24895,0.272246566233766,-0.0265171934065934,-0.00605713926073926
24896,0.273660966233766,-0.0265171934065934,-0.00460173926073926
24897,0.273660966233766,-0.0265171934065934,-0.0118787392607393
24898,0.273660966233766,-0.0251660934065934,-0.0118787392607393
24899,0.271539366233766,-0.0305704934065934,-0.0118787392607393
24900,0.266588966233766,-0.0346237934065934,-0.00896793926073926
24901,0.257395366233766,-0.0440814934065934,-0.00169093926073926
24902,0.249616166233766,-0.0562413934065934,0.00558606073926074
24903,0.239008166233766,-0.0656990934065934,0.0157738607392607
24904,0.228400166233766,-0.0751567934065934,0.0245062607392607
24905,0.219913766233766,-0.0819122934065934,0.0288724607392607
24906,0.214963366233766,-0.0859655934065934,0.0332386607392607
24907,0.212134566233766,-0.0886677934065934,0.0332386607392607
24908,0.211427366233766,-0.0873166934065934,0.0346940607392607
24909,0.210012966233766,-0.0886677934065934,0.0317832607392607
24910,0.211427366233766,-0.0886677934065934,0.0274170607392607
24911,0.211427366233766,-0.0859655934065934,0.0245062607392607
24912,0.212134566233766,-0.0846144934065934,0.0230508607392607
24913,0.213548966233766,-0.0846144934065934,0.0157738607392607
24914,0.216377766233766,-0.0819122934065934,0.0143184607392607
24915,0.219913766233766,-0.0765078934065934,0.00413066073926074
24916,0.220620966233766,-0.0724545934065934,0.00849686073926074
24917,0.224156966233766,-0.0711034934065934,0.00558606073926074
24918,0.225571366233766,-0.0656990934065934,0.00704146073926074
24919,0.226985766233766,-0.0656990934065934,0.00413066073926074
24920,0.230521766233766,-0.0656990934065934,0.00413066073926074
24921,0.230521766233766,-0.0656990934065934,0.00558606073926074
24922,0.229814566233766,-0.0656990934065934,0.00267526073926074
24923,0.229107366233766,-0.0629968934065934,0.00121986073926074
24924,0.229814566233766,-0.0589435934065934,0.00413066073926074
24925,0.231228966233766,-0.0575924934065934,0.00413066073926074
24926,0.230521766233766,-0.0589435934065934,0.00267526073926074
24927,0.230521766233766,-0.0589435934065934,-0.000235539260739261
24928,0.228400166233766,-0.0602946934065934,-0.000235539260739261
24929,0.227692966233766,-0.0602946934065934,0.00267526073926074
24930,0.226985766233766,-0.0629968934065934,0.00413066073926074
24931,0.226278566233766,-0.0656990934065934,0.00849686073926074
24932,0.225571366233766,-0.0670501934065934,0.0114076607392607
24933,0.223449766233766,-0.0724545934065934,0.0172292607392607
24934,0.221328166233766,-0.0751567934065934,0.0186846607392607
24935,0.217792166233766,-0.0778589934065934,0.0230508607392607
24936,0.215670566233766,-0.0832633934065934,0.0230508607392607
24937,0.212841766233766,-0.0846144934065934,0.0288724607392607
24938,0.210720166233766,-0.0846144934065934,0.0303278607392607
24939,0.212134566233766,-0.0846144934065934,0.0332386607392607
24940,0.214256166233766,-0.0832633934065934,0.0346940607392607
24941,0.218499366233766,-0.0805611934065934,0.0317832607392607
24942,0.222035366233766,-0.0724545934065934,0.0274170607392607
24943,0.231936166233766,-0.0643479934065934,0.0215954607392607
24944,0.241129766233766,-0.0521880934065934,0.00849686073926074
24945,0.252444966233766,-0.0413792934065934,-0.00169093926073926
24946,0.259516966233766,-0.0319215934065934,-0.0104233392607393
24947,0.265174566233766,-0.0265171934065934,-0.0162449392607393
24948,0.270832166233766,-0.0211127934065934,-0.0177003392607393
24949,0.273660966233766,-0.0170594934065934,-0.0177003392607393
24950,0.273660966233766,-0.0170594934065934,-0.0162449392607393
24951,0.272953766233766,-0.0197616934065934,-0.0147895392607393
24952,0.270832166233766,-0.0211127934065934,-0.0133341392607393
24953,0.268710566233766,-0.0184105934065934,-0.00896793926073926
24954,0.265881766233766,-0.0224638934065934,-0.00460173926073926
24955,0.263760166233766,-0.0265171934065934,0.00121986073926074
24956,0.260224166233766,-0.0305704934065934,0.00558606073926074
24957,0.257395366233766,-0.0346237934065934,0.0114076607392607
24958,0.252444966233766,-0.0359748934065934,0.0157738607392607
24959,0.248908966233766,-0.0427303934065934,0.0215954607392607
24960,0.248201766233766,-0.0427303934065934,0.0245062607392607
24961,0.245372966233766,-0.0454325934065934,0.0274170607392607
24962,0.243958566233766,-0.0454325934065934,0.0303278607392607
24963,0.243251366233766,-0.0454325934065934,0.0317832607392607
24964,0.243958566233766,-0.0454325934065934,0.0346940607392607
24965,0.246080166233766,-0.0494858934065934,0.0361494607392607
24966,0.245372966233766,-0.0494858934065934,0.0390602607392607
24967,0.246080166233766,-0.0508369934065934,0.0376048607392607
24968,0.244665766233766,-0.0481347934065934,0.0405156607392607
24969,0.246787366233766,-0.0508369934065934,0.0361494607392607
24970,0.248201766233766,-0.0467836934065934,0.0376048607392607
24971,0.248908966233766,-0.0481347934065934,0.0332386607392607
24972,0.250323366233766,-0.0454325934065934,0.0274170607392607
24973,0.252444966233766,-0.0454325934065934,0.0230508607392607
24974,0.254566566233766,-0.0400281934065934,0.0172292607392607
24975,0.255980966233766,-0.0373259934065934,0.0128630607392607
24976,0.259516966233766,-0.0359748934065934,0.00267526073926074
24977,0.261638566233766,-0.0319215934065934,0.00121986073926074
24978,0.261638566233766,-0.0305704934065934,-0.00605713926073926
24979,0.266588966233766,-0.0265171934065934,-0.00896793926073926
24980,0.267296166233766,-0.0238149934065934,-0.0133341392607393
24981,0.265881766233766,-0.0265171934065934,-0.0147895392607393
24982,0.263760166233766,-0.0305704934065934,-0.0162449392607393
24983,0.261638566233766,-0.0359748934065934,-0.00896793926073926
24984,0.255980966233766,-0.0440814934065934,-0.00896793926073926
24985,0.246787366233766,-0.0548902934065934,0.00267526073926074
24986,0.238300966233766,-0.0656990934065934,0.0143184607392607
24987,0.229107366233766,-0.0751567934065934,0.0230508607392607
24988,0.219913766233766,-0.0859655934065934,0.0303278607392607
24989,0.217792166233766,-0.0900188934065934,0.0361494607392607
24990,0.214963366233766,-0.0940721934065934,0.0390602607392607
24991,0.214256166233766,-0.0954232934065934,0.0376048607392607
24992,0.213548966233766,-0.0954232934065934,0.0332386607392607
24993,0.214963366233766,-0.0967743934065934,0.0317832607392607
24994,0.215670566233766,-0.0927210934065934,0.0288724607392607
24995,0.216377766233766,-0.0913699934065934,0.0274170607392607
24996,0.217084966233766,-0.0913699934065934,0.0201400607392607
24997,0.219913766233766,-0.0913699934065934,0.0128630607392607
24998,0.224156966233766,-0.0886677934065934,0.00849686073926074
24999,0.224864166233766,-0.0832633934065934,0.00413066073926074
25000,0.228400166233766,-0.0819122934065934,0.00121986073926074
25001,0.229814566233766,-0.0792100934065934,-0.00169093926073926
25002,0.232643366233766,-0.0792100934065934,-0.00314633926073926
25003,0.234764966233766,-0.0751567934065934,-0.00314633926073926
25004,0.235472166233766,-0.0751567934065934,-0.00314633926073926
25005,0.236179366233766,-0.0765078934065934,-0.00605713926073926
25006,0.236886566233766,-0.0751567934065934,-0.00605713926073926
25007,0.235472166233766,-0.0751567934065934,-0.00460173926073926
25008,0.235472166233766,-0.0711034934065934,-0.00314633926073926
25009,0.237593766233766,-0.0724545934065934,-0.00169093926073926
25010,0.237593766233766,-0.0684012934065934,-0.00169093926073926
25011,0.237593766233766,-0.0711034934065934,0.00121986073926074
25012,0.236886566233766,-0.0724545934065934,0.00121986073926074
25013,0.234764966233766,-0.0711034934065934,0.00267526073926074
25014,0.234057766233766,-0.0738056934065934,0.00704146073926074
25015,0.232643366233766,-0.0751567934065934,0.0114076607392607
25016,0.229107366233766,-0.0792100934065934,0.0143184607392607
25017,0.227692966233766,-0.0832633934065934,0.0172292607392607
25018,0.223449766233766,-0.0859655934065934,0.0230508607392607
25019,0.221328166233766,-0.0886677934065934,0.0259616607392607
25020,0.218499366233766,-0.0886677934065934,0.0317832607392607
25021,0.217084966233766,-0.0913699934065934,0.0332386607392607
25022,0.214963366233766,-0.0940721934065934,0.0361494607392607
25023,0.217084966233766,-0.0940721934065934,0.0376048607392607
25024,0.219206566233766,-0.0900188934065934,0.0346940607392607
25025,0.227692966233766,-0.0846144934065934,0.0288724607392607
25026,0.234764966233766,-0.0778589934065934,0.0186846607392607
25027,0.245372966233766,-0.0670501934065934,0.00704146073926074
25028,0.255980966233766,-0.0548902934065934,-0.00314633926073926
25029,0.265174566233766,-0.0454325934065934,-0.0118787392607393
25030,0.274368166233766,-0.0386770934065934,-0.0191557392607393
25031,0.281440166233766,-0.0359748934065934,-0.0235219392607393
25032,0.286390566233766,-0.0265171934065934,-0.0249773392607393
25033,0.290633766233766,-0.0278682934065934,-0.0235219392607393
25034,0.291340966233766,-0.0265171934065934,-0.0206111392607393
25035,0.292755366233766,-0.0278682934065934,-0.0162449392607393
25036,0.289926566233766,-0.0292193934065934,-0.0162449392607393
25037,0.289926566233766,-0.0332726934065934,-0.0104233392607393
25038,0.289219366233766,-0.0359748934065934,-0.00460173926073926
25039,0.284976166233766,-0.0400281934065934,0.00267526073926074
25040,0.281440166233766,-0.0440814934065934,0.00849686073926074
25041,0.277904166233766,-0.0454325934065934,0.0128630607392607
25042,0.271539366233766,-0.0508369934065934,0.0157738607392607
25043,0.268003366233766,-0.0562413934065934,0.0215954607392607
25044,0.267296166233766,-0.0575924934065934,0.0230508607392607
25045,0.263760166233766,-0.0589435934065934,0.0259616607392607
25046,0.264467366233766,-0.0602946934065934,0.0303278607392607
25047,0.260931366233766,-0.0589435934065934,0.0317832607392607
25048,0.261638566233766,-0.0589435934065934,0.0317832607392607
25049,0.258102566233766,-0.0589435934065934,0.0332386607392607
25050,0.259516966233766,-0.0575924934065934,0.0346940607392607
25051,0.258809766233766,-0.0548902934065934,0.0361494607392607
25052,0.259516966233766,-0.0548902934065934,0.0419710607392607
25053,0.262345766233766,-0.0548902934065934,0.0332386607392607
25054,0.260931366233766,-0.0548902934065934,0.0332386607392607
25055,0.261638566233766,-0.0535391934065934,0.0303278607392607
25056,0.264467366233766,-0.0508369934065934,0.0259616607392607
25057,0.266588966233766,-0.0494858934065934,0.0215954607392607
25058,0.269417766233766,-0.0454325934065934,0.0172292607392607
25059,0.273660966233766,-0.0386770934065934,0.0143184607392607
25060,0.276489766233766,-0.0346237934065934,0.00704146073926074
25061,0.279318566233766,-0.0305704934065934,0.00121986073926074
25062,0.283561766233766,-0.0292193934065934,-0.00314633926073926
25063,0.285683366233766,-0.0292193934065934,-0.00314633926073926
25064,0.287804966233766,-0.0305704934065934,-0.00751253926073926
25065,0.288512166233766,-0.0332726934065934,-0.00896793926073926
25066,0.286390566233766,-0.0359748934065934,-0.00460173926073926
25067,0.283561766233766,-0.0427303934065934,-0.00314633926073926
25068,0.277196966233766,-0.0548902934065934,0.00413066073926074
25069,0.267296166233766,-0.0656990934065934,0.0143184607392607
25070,0.256688166233766,-0.0792100934065934,0.0201400607392607
25071,0.247494566233766,-0.0900188934065934,0.0274170607392607
25072,0.243251366233766,-0.0940721934065934,0.0332386607392607
25073,0.239715366233766,-0.0994765934065934,0.0361494607392607
25074,0.239715366233766,-0.0994765934065934,0.0332386607392607
25075,0.239008166233766,-0.100827693406593,0.0346940607392607
25076,0.242544166233766,-0.102178793406593,0.0303278607392607
25077,0.243251366233766,-0.0994765934065934,0.0303278607392607
25078,0.245372966233766,-0.0954232934065934,0.0230508607392607
25079,0.247494566233766,-0.0954232934065934,0.0186846607392607
25080,0.247494566233766,-0.0927210934065934,0.0143184607392607
25081,0.250323366233766,-0.0913699934065934,0.0114076607392607
25082,0.251737766233766,-0.0846144934065934,0.00413066073926074
25083,0.253859366233766,-0.0832633934065934,0.00121986073926074
25084,0.255980966233766,-0.0805611934065934,-0.000235539260739261
25085,0.255980966233766,-0.0792100934065934,-0.000235539260739261
25086,0.255980966233766,-0.0765078934065934,-0.000235539260739261
25087,0.255980966233766,-0.0751567934065934,-0.00169093926073926
25088,0.258102566233766,-0.0724545934065934,-0.00169093926073926
25089,0.258102566233766,-0.0738056934065934,-0.00460173926073926
25090,0.260224166233766,-0.0751567934065934,-0.00605713926073926
25091,0.259516966233766,-0.0738056934065934,-0.00605713926073926
25092,0.258809766233766,-0.0738056934065934,-0.00314633926073926
25093,0.258102566233766,-0.0724545934065934,-0.00314633926073926
25094,0.258102566233766,-0.0751567934065934,-0.000235539260739261
25095,0.260224166233766,-0.0765078934065934,0.00267526073926074
25096,0.258102566233766,-0.0765078934065934,0.00558606073926074
25097,0.258102566233766,-0.0751567934065934,0.00995226073926074
25098,0.255980966233766,-0.0792100934065934,0.0143184607392607
25099,0.253152166233766,-0.0805611934065934,0.0186846607392607
25100,0.252444966233766,-0.0832633934065934,0.0230508607392607
25101,0.247494566233766,-0.0859655934065934,0.0245062607392607
25102,0.246787366233766,-0.0873166934065934,0.0274170607392607
25103,0.243958566233766,-0.0900188934065934,0.0361494607392607
25104,0.241836966233766,-0.0900188934065934,0.0361494607392607
25105,0.240422566233766,-0.0927210934065934,0.0361494607392607
25106,0.239715366233766,-0.0927210934065934,0.0361494607392607
25107,0.239715366233766,-0.0886677934065934,0.0346940607392607
25108,0.243251366233766,-0.0846144934065934,0.0317832607392607
25109,0.250323366233766,-0.0778589934065934,0.0230508607392607
25110,0.257395366233766,-0.0670501934065934,0.0128630607392607
25111,0.270124966233766,-0.0575924934065934,0.00267526073926074
25112,0.280732966233766,-0.0508369934065934,-0.00896793926073926
25113,0.289219366233766,-0.0427303934065934,-0.0147895392607393
25114,0.296998566233766,-0.0386770934065934,-0.0191557392607393
25115,0.300534566233766,-0.0346237934065934,-0.0235219392607393
25116,0.302656166233766,-0.0292193934065934,-0.0278881392607393
25117,0.305484966233766,-0.0305704934065934,-0.0264327392607393
25118,0.304777766233766,-0.0319215934065934,-0.0249773392607393
25119,0.306192166233766,-0.0346237934065934,-0.0235219392607393
25120,0.304777766233766,-0.0332726934065934,-0.0206111392607393
25121,0.301948966233766,-0.0386770934065934,-0.0177003392607393
25122,0.300534566233766,-0.0413792934065934,-0.0118787392607393
25123,0.294169766233766,-0.0467836934065934,-0.00605713926073926
25124,0.289926566233766,-0.0494858934065934,-0.00169093926073926
25125,0.287097766233766,-0.0548902934065934,0.00267526073926074
25126,0.282147366233766,-0.0562413934065934,0.00267526073926074
25127,0.279318566233766,-0.0602946934065934,0.0114076607392607
25128,0.275782566233766,-0.0616457934065934,0.0157738607392607
25129,0.273660966233766,-0.0616457934065934,0.0172292607392607
25130,0.272953766233766,-0.0616457934065934,0.0201400607392607
25131,0.271539366233766,-0.0629968934065934,0.0201400607392607
25132,0.269417766233766,-0.0616457934065934,0.0201400607392607
25133,0.270124966233766,-0.0616457934065934,0.0215954607392607
25134,0.268710566233766,-0.0589435934065934,0.0215954607392607
25135,0.268003366233766,-0.0616457934065934,0.0201400607392607
25136,0.270124966233766,-0.0602946934065934,0.0201400607392607
25137,0.268003366233766,-0.0602946934065934,0.0230508607392607
25138,0.271539366233766,-0.0589435934065934,0.0230508607392607
25139,0.273660966233766,-0.0548902934065934,0.0172292607392607
25140,0.273660966233766,-0.0494858934065934,0.0143184607392607
25141,0.276489766233766,-0.0467836934065934,0.0114076607392607
25142,0.277196966233766,-0.0440814934065934,0.00704146073926074
25143,0.281440166233766,-0.0427303934065934,0.00413066073926074
25144,0.282147366233766,-0.0400281934065934,-0.000235539260739261
25145,0.284268966233766,-0.0386770934065934,-0.00605713926073926
25146,0.286390566233766,-0.0346237934065934,-0.0118787392607393
25147,0.284268966233766,-0.0305704934065934,-0.0133341392607393
25148,0.280732966233766,-0.0305704934065934,-0.0147895392607393
25149,0.277904166233766,-0.0359748934065934,-0.0177003392607393
25150,0.270832166233766,-0.0400281934065934,-0.0147895392607393
25151,0.262345766233766,-0.0508369934065934,-0.00751253926073926
25152,0.252444966233766,-0.0602946934065934,0.00121986073926074
25153,0.241836966233766,-0.0697523934065934,0.0114076607392607
25154,0.234057766233766,-0.0805611934065934,0.0201400607392607
25155,0.227692966233766,-0.0873166934065934,0.0274170607392607
25156,0.222035366233766,-0.0927210934065934,0.0303278607392607
25157,0.221328166233766,-0.0940721934065934,0.0303278607392607
25158,0.222742566233766,-0.0954232934065934,0.0303278607392607
25159,0.223449766233766,-0.0954232934065934,0.0274170607392607
25160,0.224864166233766,-0.0927210934065934,0.0259616607392607
25161,0.226985766233766,-0.0927210934065934,0.0215954607392607
25162,0.229814566233766,-0.0900188934065934,0.0186846607392607
25163,0.234057766233766,-0.0873166934065934,0.0114076607392607
25164,0.236886566233766,-0.0859655934065934,0.00413066073926074
25165,0.242544166233766,-0.0846144934065934,-0.000235539260739261
25166,0.245372966233766,-0.0792100934065934,-0.00314633926073926
25167,0.246787366233766,-0.0738056934065934,-0.00605713926073926
25168,0.248201766233766,-0.0738056934065934,-0.0104233392607393
25169,0.248201766233766,-0.0724545934065934,-0.0104233392607393
25170,0.247494566233766,-0.0711034934065934,-0.0118787392607393
25171,0.248201766233766,-0.0724545934065934,-0.0118787392607393
25172,0.246787366233766,-0.0684012934065934,-0.0118787392607393
25173,0.243251366233766,-0.0697523934065934,-0.0133341392607393
25174,0.241836966233766,-0.0643479934065934,-0.0104233392607393
25175,0.241129766233766,-0.0670501934065934,-0.0104233392607393
25176,0.239715366233766,-0.0656990934065934,-0.00896793926073926
25177,0.239008166233766,-0.0670501934065934,-0.00605713926073926
25178,0.240422566233766,-0.0656990934065934,-0.00605713926073926
25179,0.237593766233766,-0.0656990934065934,-0.00169093926073926
25180,0.239008166233766,-0.0656990934065934,0.00267526073926074
25181,0.237593766233766,-0.0656990934065934,0.00995226073926074
25182,0.235472166233766,-0.0697523934065934,0.0157738607392607
25183,0.232643366233766,-0.0751567934065934,0.0201400607392607
25184,0.232643366233766,-0.0778589934065934,0.0274170607392607
25185,0.227692966233766,-0.0792100934065934,0.0332386607392607
25186,0.224864166233766,-0.0832633934065934,0.0361494607392607
25187,0.222742566233766,-0.0846144934065934,0.0376048607392607
25188,0.219206566233766,-0.0846144934065934,0.0390602607392607
25189,0.219206566233766,-0.0846144934065934,0.0405156607392607
25190,0.219913766233766,-0.0819122934065934,0.0405156607392607
25191,0.221328166233766,-0.0792100934065934,0.0332386607392607
25192,0.227692966233766,-0.0724545934065934,0.0288724607392607
25193,0.232643366233766,-0.0589435934065934,0.0201400607392607
25194,0.241129766233766,-0.0494858934065934,0.00849686073926074
25195,0.251737766233766,-0.0359748934065934,-0.00314633926073926
25196,0.260224166233766,-0.0265171934065934,-0.0118787392607393
25197,0.267296166233766,-0.0211127934065934,-0.0162449392607393
25198,0.270832166233766,-0.0170594934065934,-0.0191557392607393
25199,0.273660966233766,-0.0143572934065934,-0.0220665392607393
25200,0.276489766233766,-0.0116550934065934,-0.0220665392607393
25201,0.279318566233766,-0.0130061934065934,-0.0206111392607393
25202,0.278611366233766,-0.0143572934065934,-0.0191557392607393
25203,0.276489766233766,-0.0157083934065934,-0.0177003392607393
25204,0.277904166233766,-0.0197616934065934,-0.0133341392607393
25205,0.276489766233766,-0.0238149934065934,-0.00751253926073926
25206,0.275075366233766,-0.0265171934065934,-0.00314633926073926
25207,0.273660966233766,-0.0305704934065934,0.00413066073926074
25208,0.271539366233766,-0.0319215934065934,0.00849686073926074
25209,0.268003366233766,-0.0386770934065934,0.0114076607392607
25210,0.264467366233766,-0.0400281934065934,0.0172292607392607
25211,0.262345766233766,-0.0440814934065934,0.0157738607392607
25212,0.260224166233766,-0.0454325934065934,0.0186846607392607
25213,0.260224166233766,-0.0481347934065934,0.0186846607392607
25214,0.258102566233766,-0.0508369934065934,0.0201400607392607
25215,0.258809766233766,-0.0494858934065934,0.0186846607392607
25216,0.256688166233766,-0.0494858934065934,0.0172292607392607
25217,0.253859366233766,-0.0508369934065934,0.0157738607392607
25218,0.254566566233766,-0.0508369934065934,0.0157738607392607
25219,0.253859366233766,-0.0494858934065934,0.0157738607392607
25220,0.255273766233766,-0.0508369934065934,0.0128630607392607
25221,0.255980966233766,-0.0481347934065934,0.00849686073926074
25222,0.254566566233766,-0.0481347934065934,0.00267526073926074
25223,0.256688166233766,-0.0467836934065934,-0.000235539260739261
25224,0.260931366233766,-0.0440814934065934,-0.00314633926073926
25225,0.263760166233766,-0.0400281934065934,-0.00751253926073926
25226,0.270124966233766,-0.0373259934065934,-0.0104233392607393
25227,0.270832166233766,-0.0346237934065934,-0.0133341392607393
25228,0.274368166233766,-0.0346237934065934,-0.0191557392607393
25229,0.277904166233766,-0.0305704934065934,-0.0206111392607393
25230,0.280025766233766,-0.0319215934065934,-0.0235219392607393
25231,0.277904166233766,-0.0319215934065934,-0.0249773392607393
25232,0.279318566233766,-0.0305704934065934,-0.0249773392607393
25233,0.273660966233766,-0.0359748934065934,-0.0191557392607393
25234,0.265881766233766,-0.0454325934065934,-0.0162449392607393
25235,0.257395366233766,-0.0535391934065934,-0.00460173926073926
25236,0.245372966233766,-0.0629968934065934,0.00558606073926074
25237,0.236886566233766,-0.0765078934065934,0.0143184607392607
25238,0.226278566233766,-0.0832633934065934,0.0201400607392607
25239,0.219206566233766,-0.0886677934065934,0.0245062607392607
25240,0.214963366233766,-0.0927210934065934,0.0259616607392607
25241,0.212841766233766,-0.0940721934065934,0.0230508607392607
25242,0.212134566233766,-0.0927210934065934,0.0215954607392607
25243,0.212134566233766,-0.0900188934065934,0.0215954607392607
25244,0.212841766233766,-0.0886677934065934,0.0143184607392607
25245,0.214963366233766,-0.0859655934065934,0.0114076607392607
25246,0.219913766233766,-0.0832633934065934,0.00413066073926074
25247,0.221328166233766,-0.0805611934065934,0.00121986073926074
25248,0.224156966233766,-0.0778589934065934,-0.00460173926073926
25249,0.229814566233766,-0.0724545934065934,-0.0133341392607393
25250,0.233350566233766,-0.0684012934065934,-0.0133341392607393
25251,0.234764966233766,-0.0670501934065934,-0.0191557392607393
25252,0.236886566233766,-0.0629968934065934,-0.0191557392607393
25253,0.238300966233766,-0.0656990934065934,-0.0206111392607393
25254,0.239008166233766,-0.0629968934065934,-0.0191557392607393
25255,0.237593766233766,-0.0643479934065934,-0.0177003392607393
25256,0.236886566233766,-0.0643479934065934,-0.0191557392607393
25257,0.236179366233766,-0.0629968934065934,-0.0191557392607393
25258,0.235472166233766,-0.0629968934065934,-0.0162449392607393
25259,0.233350566233766,-0.0616457934065934,-0.0162449392607393
25260,0.230521766233766,-0.0629968934065934,-0.0104233392607393
25261,0.232643366233766,-0.0643479934065934,-0.00896793926073926
25262,0.229814566233766,-0.0643479934065934,-0.00314633926073926
25263,0.229814566233766,-0.0643479934065934,-0.00314633926073926
25264,0.228400166233766,-0.0643479934065934,-0.000235539260739261
25265,0.226278566233766,-0.0684012934065934,0.00267526073926074
25266,0.226278566233766,-0.0697523934065934,0.00849686073926074
25267,0.223449766233766,-0.0724545934065934,0.0128630607392607
25268,0.222035366233766,-0.0724545934065934,0.0215954607392607
25269,0.219913766233766,-0.0738056934065934,0.0230508607392607
25270,0.220620966233766,-0.0765078934065934,0.0259616607392607
25271,0.221328166233766,-0.0778589934065934,0.0274170607392607
25272,0.221328166233766,-0.0792100934065934,0.0288724607392607
25273,0.222035366233766,-0.0778589934065934,0.0303278607392607
25274,0.224864166233766,-0.0724545934065934,0.0274170607392607
25275,0.231936166233766,-0.0684012934065934,0.0215954607392607
25276,0.236886566233766,-0.0575924934065934,0.0143184607392607
25277,0.246787366233766,-0.0454325934065934,0.00267526073926074
25278,0.258809766233766,-0.0346237934065934,-0.0118787392607393
25279,0.264467366233766,-0.0265171934065934,-0.0206111392607393
25280,0.270124966233766,-0.0170594934065934,-0.0293435392607393
25281,0.275782566233766,-0.0157083934065934,-0.0322543392607393
25282,0.279318566233766,-0.0143572934065934,-0.0351651392607393
25283,0.278611366233766,-0.0116550934065934,-0.0307989392607393
25284,0.278611366233766,-0.0143572934065934,-0.0278881392607393
25285,0.276489766233766,-0.0130061934065934,-0.0235219392607393
25286,0.276489766233766,-0.0130061934065934,-0.0191557392607393
25287,0.274368166233766,-0.0157083934065934,-0.0147895392607393
25288,0.269417766233766,-0.0170594934065934,-0.00751253926073926
25289,0.268710566233766,-0.0197616934065934,-0.000235539260739261
25290,0.264467366233766,-0.0224638934065934,0.00849686073926074
25291,0.258809766233766,-0.0265171934065934,0.0128630607392607
25292,0.258809766233766,-0.0305704934065934,0.0172292607392607
25293,0.255273766233766,-0.0319215934065934,0.0201400607392607
25294,0.253859366233766,-0.0346237934065934,0.0230508607392607
25295,0.252444966233766,-0.0332726934065934,0.0259616607392607
25296,0.251030566233766,-0.0332726934065934,0.0303278607392607
25297,0.249616166233766,-0.0305704934065934,0.0317832607392607
25298,0.250323366233766,-0.0332726934065934,0.0317832607392607
25299,0.250323366233766,-0.0319215934065934,0.0332386607392607
25300,0.251030566233766,-0.0319215934065934,0.0317832607392607
25301,0.253152166233766,-0.0332726934065934,0.0317832607392607
25302,0.253152166233766,-0.0332726934065934,0.0332386607392607
25303,0.254566566233766,-0.0346237934065934,0.0288724607392607
25304,0.253152166233766,-0.0346237934065934,0.0274170607392607
25305,0.253859366233766,-0.0319215934065934,0.0215954607392607
25306,0.256688166233766,-0.0305704934065934,0.0186846607392607
25307,0.260224166233766,-0.0278682934065934,0.00995226073926074
25308,0.265881766233766,-0.0265171934065934,0.00558606073926074
25309,0.270832166233766,-0.0238149934065934,0.00121986073926074
25310,0.272953766233766,-0.0211127934065934,-0.00605713926073926
25311,0.275782566233766,-0.0170594934065934,-0.0118787392607393
25312,0.277196966233766,-0.0170594934065934,-0.0177003392607393
25313,0.281440166233766,-0.0143572934065934,-0.0206111392607393
25314,0.281440166233766,-0.0170594934065934,-0.0235219392607393
25315,0.280732966233766,-0.0184105934065934,-0.0249773392607393
25316,0.273660966233766,-0.0238149934065934,-0.0249773392607393
25317,0.268710566233766,-0.0278682934065934,-0.0191557392607393
25318,0.262345766233766,-0.0359748934065934,-0.00896793926073926
25319,0.251737766233766,-0.0481347934065934,-0.000235539260739261
25320,0.241836966233766,-0.0575924934065934,0.00849686073926074
25321,0.232643366233766,-0.0656990934065934,0.0172292607392607
25322,0.227692966233766,-0.0765078934065934,0.0230508607392607
25323,0.223449766233766,-0.0805611934065934,0.0245062607392607
25324,0.222035366233766,-0.0846144934065934,0.0230508607392607
25325,0.219913766233766,-0.0832633934065934,0.0230508607392607
25326,0.219913766233766,-0.0846144934065934,0.0245062607392607
25327,0.222035366233766,-0.0846144934065934,0.0215954607392607
25328,0.222742566233766,-0.0805611934065934,0.0201400607392607
25329,0.224864166233766,-0.0805611934065934,0.0143184607392607
25330,0.227692966233766,-0.0778589934065934,0.0114076607392607
25331,0.231936166233766,-0.0751567934065934,0.00558606073926074
25332,0.235472166233766,-0.0711034934065934,-0.00314633926073926
25333,0.237593766233766,-0.0684012934065934,-0.00460173926073926
25334,0.240422566233766,-0.0656990934065934,-0.00896793926073926
25335,0.243251366233766,-0.0643479934065934,-0.0133341392607393
25336,0.246080166233766,-0.0629968934065934,-0.0118787392607393
25337,0.248201766233766,-0.0602946934065934,-0.0147895392607393
25338,0.247494566233766,-0.0589435934065934,-0.0177003392607393
25339,0.246080166233766,-0.0575924934065934,-0.0177003392607393
25340,0.245372966233766,-0.0562413934065934,-0.0206111392607393
25341,0.247494566233766,-0.0575924934065934,-0.0162449392607393
25342,0.245372966233766,-0.0562413934065934,-0.0191557392607393
25343,0.244665766233766,-0.0562413934065934,-0.0206111392607393
25344,0.244665766233766,-0.0548902934065934,-0.0206111392607393
25345,0.243251366233766,-0.0548902934065934,-0.0220665392607393
25346,0.244665766233766,-0.0575924934065934,-0.0162449392607393
25347,0.241836966233766,-0.0562413934065934,-0.0133341392607393
25348,0.240422566233766,-0.0589435934065934,-0.0104233392607393
25349,0.238300966233766,-0.0616457934065934,-0.00605713926073926
25350,0.237593766233766,-0.0670501934065934,0.00121986073926074
25351,0.236179366233766,-0.0697523934065934,0.00413066073926074
25352,0.233350566233766,-0.0724545934065934,0.00704146073926074
25353,0.231936166233766,-0.0738056934065934,0.0114076607392607
25354,0.229814566233766,-0.0751567934065934,0.0157738607392607
25355,0.229814566233766,-0.0792100934065934,0.0172292607392607
25356,0.229814566233766,-0.0792100934065934,0.0186846607392607
25357,0.230521766233766,-0.0765078934065934,0.0186846607392607
25358,0.235472166233766,-0.0684012934065934,0.0143184607392607
25359,0.242544166233766,-0.0616457934065934,0.00558606073926074
25360,0.251737766233766,-0.0508369934065934,-0.00314633926073926
25361,0.259516966233766,-0.0359748934065934,-0.0147895392607393
25362,0.268003366233766,-0.0265171934065934,-0.0220665392607393
25363,0.275782566233766,-0.0211127934065934,-0.0278881392607393
25364,0.280732966233766,-0.0157083934065934,-0.0351651392607393
25365,0.284976166233766,-0.0116550934065934,-0.0380759392607393
25366,0.287097766233766,-0.0116550934065934,-0.0380759392607393
25367,0.287097766233766,-0.0116550934065934,-0.0351651392607393
25368,0.287097766233766,-0.0143572934065934,-0.0307989392607393
25369,0.286390566233766,-0.0130061934065934,-0.0293435392607393
25370,0.284976166233766,-0.0170594934065934,-0.0235219392607393
25371,0.284268966233766,-0.0197616934065934,-0.0177003392607393
25372,0.281440166233766,-0.0224638934065934,-0.0118787392607393
25373,0.280025766233766,-0.0251660934065934,-0.00751253926073926
25374,0.277904166233766,-0.0292193934065934,-0.00314633926073926
25375,0.274368166233766,-0.0346237934065934,0.00413066073926074
25376,0.273660966233766,-0.0373259934065934,0.00558606073926074
25377,0.270124966233766,-0.0373259934065934,0.00704146073926074
25378,0.268003366233766,-0.0359748934065934,0.0114076607392607
25379,0.265881766233766,-0.0373259934065934,0.0114076607392607
25380,0.266588966233766,-0.0400281934065934,0.0143184607392607
25381,0.266588966233766,-0.0386770934065934,0.0143184607392607
25382,0.263760166233766,-0.0386770934065934,0.0157738607392607
25383,0.265174566233766,-0.0386770934065934,0.0172292607392607
25384,0.264467366233766,-0.0373259934065934,0.0157738607392607
25385,0.262345766233766,-0.0359748934065934,0.0172292607392607
25386,0.260931366233766,-0.0319215934065934,0.0172292607392607
25387,0.260931366233766,-0.0292193934065934,0.0143184607392607
25388,0.259516966233766,-0.0292193934065934,0.00704146073926074
25389,0.261638566233766,-0.0278682934065934,0.00558606073926074
25390,0.263760166233766,-0.0238149934065934,0.00413066073926074
25391,0.267296166233766,-0.0211127934065934,-0.00169093926073926
25392,0.270124966233766,-0.0184105934065934,-0.00460173926073926
25393,0.272953766233766,-0.0170594934065934,-0.0104233392607393
25394,0.276489766233766,-0.0157083934065934,-0.0118787392607393
25395,0.278611366233766,-0.0116550934065934,-0.0147895392607393
25396,0.282147366233766,-0.0103039934065934,-0.0162449392607393
25397,0.284268966233766,-0.0116550934065934,-0.0191557392607393
25398,0.286390566233766,-0.0116550934065934,-0.0206111392607393
25399,0.284268966233766,-0.0130061934065934,-0.0191557392607393
25400,0.281440166233766,-0.0184105934065934,-0.0133341392607393
25401,0.277196966233766,-0.0278682934065934,-0.00751253926073926
25402,0.266588966233766,-0.0400281934065934,-0.00169093926073926
25403,0.258809766233766,-0.0508369934065934,0.0114076607392607
25404,0.248908966233766,-0.0616457934065934,0.0186846607392607
25405,0.241836966233766,-0.0670501934065934,0.0215954607392607
25406,0.235472166233766,-0.0724545934065934,0.0215954607392607
25407,0.233350566233766,-0.0765078934065934,0.0215954607392607
25408,0.230521766233766,-0.0792100934065934,0.0186846607392607
25409,0.230521766233766,-0.0778589934065934,0.0186846607392607
25410,0.230521766233766,-0.0778589934065934,0.0143184607392607
25411,0.230521766233766,-0.0765078934065934,0.0128630607392607
25412,0.231936166233766,-0.0751567934065934,0.00558606073926074
25413,0.233350566233766,-0.0697523934065934,0.00121986073926074
25414,0.236886566233766,-0.0670501934065934,-0.00314633926073926
25415,0.240422566233766,-0.0656990934065934,-0.00896793926073926
25416,0.241836966233766,-0.0629968934065934,-0.0133341392607393
25417,0.245372966233766,-0.0589435934065934,-0.0147895392607393
25418,0.247494566233766,-0.0562413934065934,-0.0162449392607393
25419,0.250323366233766,-0.0548902934065934,-0.0162449392607393
25420,0.251030566233766,-0.0508369934065934,-0.0162449392607393
25421,0.251737766233766,-0.0521880934065934,-0.0220665392607393
25422,0.253859366233766,-0.0481347934065934,-0.0191557392607393
25423,0.256688166233766,-0.0508369934065934,-0.0191557392607393
25424,0.255273766233766,-0.0508369934065934,-0.0191557392607393
25425,0.257395366233766,-0.0494858934065934,-0.0162449392607393
25426,0.255980966233766,-0.0508369934065934,-0.0162449392607393
25427,0.255980966233766,-0.0481347934065934,-0.0147895392607393
25428,0.255273766233766,-0.0494858934065934,-0.0133341392607393
25429,0.254566566233766,-0.0508369934065934,-0.0118787392607393
25430,0.251030566233766,-0.0508369934065934,-0.00896793926073926
25431,0.248908966233766,-0.0521880934065934,-0.00751253926073926
25432,0.246787366233766,-0.0548902934065934,-0.00460173926073926
25433,0.243251366233766,-0.0589435934065934,-0.000235539260739261
25434,0.239715366233766,-0.0629968934065934,0.00267526073926074
25435,0.234764966233766,-0.0670501934065934,0.00849686073926074
25436,0.232643366233766,-0.0711034934065934,0.0143184607392607
25437,0.229107366233766,-0.0738056934065934,0.0172292607392607
25438,0.227692966233766,-0.0751567934065934,0.0172292607392607
25439,0.227692966233766,-0.0738056934065934,0.0172292607392607
25440,0.231228966233766,-0.0724545934065934,0.0157738607392607
25441,0.233350566233766,-0.0670501934065934,0.0143184607392607
25442,0.241129766233766,-0.0602946934065934,0.00704146073926074
25443,0.250323366233766,-0.0508369934065934,-0.00314633926073926
25444,0.260931366233766,-0.0386770934065934,-0.0147895392607393
25445,0.272246566233766,-0.0292193934065934,-0.0249773392607393
25446,0.283561766233766,-0.0224638934065934,-0.0351651392607393
25447,0.289219366233766,-0.0143572934065934,-0.0395313392607393
25448,0.294169766233766,-0.0103039934065934,-0.0409867392607393
25449,0.294876966233766,-0.00760179340659341,-0.0424421392607393
25450,0.295584166233766,-0.0089528934065934,-0.0424421392607393
25451,0.293462566233766,-0.0089528934065934,-0.0409867392607393
25452,0.292755366233766,-0.0116550934065934,-0.0366205392607393
25453,0.289219366233766,-0.0143572934065934,-0.0351651392607393
25454,0.285683366233766,-0.0143572934065934,-0.0307989392607393
25455,0.281440166233766,-0.0170594934065934,-0.0278881392607393
25456,0.275782566233766,-0.0197616934065934,-0.0220665392607393
25457,0.274368166233766,-0.0224638934065934,-0.0147895392607393
25458,0.268003366233766,-0.0265171934065934,-0.0133341392607393
25459,0.265881766233766,-0.0292193934065934,-0.00605713926073926
25460,0.263760166233766,-0.0319215934065934,-0.00605713926073926
25461,0.263760166233766,-0.0346237934065934,-0.00314633926073926
25462,0.261638566233766,-0.0359748934065934,-0.000235539260739261
25463,0.260931366233766,-0.0359748934065934,0.00121986073926074
25464,0.258809766233766,-0.0373259934065934,0.00558606073926074
25465,0.258809766233766,-0.0373259934065934,0.00413066073926074
25466,0.258102566233766,-0.0373259934065934,0.00704146073926074
25467,0.258809766233766,-0.0386770934065934,0.00704146073926074
25468,0.258809766233766,-0.0400281934065934,0.00849686073926074
25469,0.258809766233766,-0.0386770934065934,0.00849686073926074
25470,0.259516966233766,-0.0373259934065934,0.00995226073926074
25471,0.259516966233766,-0.0373259934065934,0.00704146073926074
25472,0.260224166233766,-0.0373259934065934,0.00121986073926074
25473,0.260931366233766,-0.0332726934065934,-0.000235539260739261
25474,0.262345766233766,-0.0292193934065934,-0.00314633926073926
25475,0.265881766233766,-0.0265171934065934,-0.00896793926073926
25476,0.268710566233766,-0.0224638934065934,-0.0147895392607393
25477,0.270124966233766,-0.0197616934065934,-0.0177003392607393
25478,0.271539366233766,-0.0170594934065934,-0.0235219392607393
25479,0.272953766233766,-0.0143572934065934,-0.0278881392607393
25480,0.274368166233766,-0.0116550934065934,-0.0307989392607393
25481,0.272246566233766,-0.0130061934065934,-0.0322543392607393
25482,0.268710566233766,-0.0157083934065934,-0.0337097392607393
25483,0.265881766233766,-0.0211127934065934,-0.0293435392607393
25484,0.260931366233766,-0.0278682934065934,-0.0235219392607393
25485,0.251030566233766,-0.0386770934065934,-0.0191557392607393
25486,0.242544166233766,-0.0508369934065934,-0.00751253926073926
25487,0.233350566233766,-0.0575924934065934,0.00121986073926074
25488,0.226985766233766,-0.0697523934065934,0.00704146073926074
25489,0.224156966233766,-0.0751567934065934,0.00849686073926074
25490,0.220620966233766,-0.0778589934065934,0.00995226073926074
25491,0.219913766233766,-0.0778589934065934,0.00849686073926074
25492,0.219913766233766,-0.0792100934065934,0.00849686073926074
25493,0.222742566233766,-0.0819122934065934,0.00558606073926074
25494,0.222035366233766,-0.0792100934065934,0.00413066073926074
25495,0.222742566233766,-0.0765078934065934,-0.00169093926073926
25496,0.222742566233766,-0.0711034934065934,-0.00169093926073926
25497,0.224864166233766,-0.0684012934065934,-0.00751253926073926
25498,0.227692966233766,-0.0629968934065934,-0.0118787392607393
25499,0.227692966233766,-0.0589435934065934,-0.0162449392607393
25500,0.228400166233766,-0.0548902934065934,-0.0162449392607393
25501,0.231936166233766,-0.0521880934065934,-0.0177003392607393
25502,0.230521766233766,-0.0508369934065934,-0.0177003392607393
25503,0.230521766233766,-0.0467836934065934,-0.0191557392607393
25504,0.232643366233766,-0.0454325934065934,-0.0191557392607393
25505,0.234764966233766,-0.0427303934065934,-0.0191557392607393
25506,0.231936166233766,-0.0440814934065934,-0.0206111392607393
25507,0.233350566233766,-0.0427303934065934,-0.0191557392607393
25508,0.234057766233766,-0.0454325934065934,-0.0191557392607393
25509,0.236179366233766,-0.0427303934065934,-0.0177003392607393
25510,0.236886566233766,-0.0413792934065934,-0.0191557392607393
25511,0.234764966233766,-0.0454325934065934,-0.0177003392607393
25512,0.235472166233766,-0.0454325934065934,-0.0162449392607393
25513,0.234764966233766,-0.0467836934065934,-0.0118787392607393
25514,0.234057766233766,-0.0494858934065934,-0.0118787392607393
25515,0.233350566233766,-0.0535391934065934,-0.00605713926073926
25516,0.230521766233766,-0.0589435934065934,-0.00314633926073926
25517,0.229107366233766,-0.0602946934065934,0.00121986073926074
25518,0.226985766233766,-0.0629968934065934,0.00558606073926074
25519,0.224156966233766,-0.0684012934065934,0.00704146073926074
25520,0.222035366233766,-0.0684012934065934,0.00849686073926074
25521,0.220620966233766,-0.0738056934065934,0.00995226073926074
25522,0.219913766233766,-0.0724545934065934,0.0114076607392607
25523,0.220620966233766,-0.0711034934065934,0.0114076607392607
25524,0.224156966233766,-0.0643479934065934,0.00849686073926074
25525,0.227692966233766,-0.0616457934065934,0.00267526073926074
25526,0.234764966233766,-0.0508369934065934,-0.00460173926073926
25527,0.245372966233766,-0.0359748934065934,-0.0118787392607393
25528,0.255273766233766,-0.0238149934065934,-0.0235219392607393
25529,0.265174566233766,-0.0130061934065934,-0.0322543392607393
25530,0.272246566233766,-0.0062506934065934,-0.0366205392607393
25531,0.275075366233766,-0.00354849340659341,-0.0409867392607393
25532,0.279318566233766,-0.000846293406593406,-0.0409867392607393
25533,0.282147366233766,-0.00354849340659341,-0.0366205392607393
25534,0.281440166233766,-0.00354849340659341,-0.0307989392607393
25535,0.281440166233766,-0.00489959340659341,-0.0278881392607393
25536,0.282147366233766,-0.00760179340659341,-0.0235219392607393
25537,0.280732966233766,-0.0089528934065934,-0.0191557392607393
25538,0.277904166233766,-0.0116550934065934,-0.0147895392607393
25539,0.275075366233766,-0.0143572934065934,-0.00896793926073926
25540,0.271539366233766,-0.0211127934065934,-0.00314633926073926
25541,0.268710566233766,-0.0224638934065934,-0.000235539260739261
25542,0.261638566233766,-0.0238149934065934,0.00267526073926074
25543,0.259516966233766,-0.0265171934065934,0.00558606073926074
25544,0.255980966233766,-0.0292193934065934,0.00849686073926074
25545,0.253859366233766,-0.0346237934065934,0.0114076607392607
25546,0.255980966233766,-0.0332726934065934,0.0114076607392607
25547,0.253859366233766,-0.0332726934065934,0.0114076607392607
25548,0.253152166233766,-0.0319215934065934,0.00849686073926074
25549,0.253152166233766,-0.0332726934065934,0.0114076607392607
25550,0.253859366233766,-0.0332726934065934,0.0114076607392607
25551,0.254566566233766,-0.0346237934065934,0.0128630607392607
25552,0.254566566233766,-0.0305704934065934,0.0114076607392607
25553,0.253152166233766,-0.0305704934065934,0.00995226073926074
25554,0.255273766233766,-0.0292193934065934,0.00704146073926074
25555,0.257395366233766,-0.0278682934065934,0.00558606073926074
25556,0.258102566233766,-0.0278682934065934,0.00413066073926074
25557,0.258809766233766,-0.0238149934065934,-0.00169093926073926
25558,0.262345766233766,-0.0211127934065934,-0.00605713926073926
25559,0.264467366233766,-0.0211127934065934,-0.0104233392607393
25560,0.267296166233766,-0.0170594934065934,-0.0133341392607393
25561,0.266588966233766,-0.0143572934065934,-0.0191557392607393
25562,0.268710566233766,-0.0130061934065934,-0.0220665392607393
25563,0.269417766233766,-0.0103039934065934,-0.0249773392607393
25564,0.270832166233766,-0.0116550934065934,-0.0249773392607393
25565,0.269417766233766,-0.0130061934065934,-0.0249773392607393
25566,0.266588966233766,-0.0184105934065934,-0.0278881392607393
25567,0.261638566233766,-0.0251660934065934,-0.0249773392607393
25568,0.253152166233766,-0.0359748934065934,-0.0147895392607393
25569,0.241836966233766,-0.0440814934065934,-0.00605713926073926
25570,0.229814566233766,-0.0589435934065934,0.00413066073926074
25571,0.222742566233766,-0.0656990934065934,0.00704146073926074
25572,0.215670566233766,-0.0684012934065934,0.0114076607392607
25573,0.212841766233766,-0.0751567934065934,0.00995226073926074
25574,0.212134566233766,-0.0751567934065934,0.00995226073926074
25575,0.210720166233766,-0.0765078934065934,0.00704146073926074
25576,0.211427366233766,-0.0778589934065934,0.00267526073926074
25577,0.211427366233766,-0.0751567934065934,0.00121986073926074
25578,0.210012966233766,-0.0724545934065934,-0.00169093926073926
25579,0.211427366233766,-0.0724545934065934,-0.00605713926073926
25580,0.212841766233766,-0.0697523934065934,-0.0104233392607393
25581,0.214963366233766,-0.0670501934065934,-0.0147895392607393
25582,0.217084966233766,-0.0616457934065934,-0.0191557392607393
25583,0.220620966233766,-0.0575924934065934,-0.0235219392607393
25584,0.222742566233766,-0.0548902934065934,-0.0235219392607393
25585,0.222742566233766,-0.0535391934065934,-0.0249773392607393
25586,0.222742566233766,-0.0535391934065934,-0.0249773392607393
25587,0.224156966233766,-0.0494858934065934,-0.0264327392607393
25588,0.223449766233766,-0.0508369934065934,-0.0264327392607393
25589,0.224864166233766,-0.0494858934065934,-0.0249773392607393
25590,0.226278566233766,-0.0494858934065934,-0.0249773392607393
25591,0.224156966233766,-0.0494858934065934,-0.0220665392607393
25592,0.225571366233766,-0.0467836934065934,-0.0235219392607393
25593,0.224864166233766,-0.0494858934065934,-0.0264327392607393
25594,0.227692966233766,-0.0481347934065934,-0.0235219392607393
25595,0.225571366233766,-0.0467836934065934,-0.0206111392607393
25596,0.223449766233766,-0.0467836934065934,-0.0191557392607393
25597,0.222742566233766,-0.0508369934065934,-0.0162449392607393
25598,0.219206566233766,-0.0508369934065934,-0.0118787392607393
25599,0.217084966233766,-0.0535391934065934,-0.00896793926073926
25600,0.212841766233766,-0.0562413934065934,-0.00460173926073926
25601,0.208598566233766,-0.0589435934065934,-0.00169093926073926
25602,0.204355366233766,-0.0629968934065934,0.00413066073926074
25603,0.201526566233766,-0.0670501934065934,0.00704146073926074
25604,0.199404966233766,-0.0684012934065934,0.00995226073926074
25605,0.197283366233766,-0.0697523934065934,0.0128630607392607
25606,0.197283366233766,-0.0670501934065934,0.0172292607392607
25607,0.200819366233766,-0.0656990934065934,0.0157738607392607
25608,0.204355366233766,-0.0589435934065934,0.0128630607392607
25609,0.212134566233766,-0.0508369934065934,0.00704146073926074
25610,0.220620966233766,-0.0400281934065934,-0.00314633926073926
25611,0.233350566233766,-0.0292193934065934,-0.0118787392607393
25612,0.243958566233766,-0.0170594934065934,-0.0191557392607393
25613,0.252444966233766,-0.0116550934065934,-0.0235219392607393
25614,0.258809766233766,-0.0062506934065934,-0.0249773392607393
25615,0.262345766233766,-0.00219739340659341,-0.0264327392607393
25616,0.265174566233766,-0.00489959340659341,-0.0278881392607393
25617,0.266588966233766,-0.00354849340659341,-0.0264327392607393
25618,0.264467366233766,-0.00354849340659341,-0.0235219392607393
25619,0.263052966233766,-0.00354849340659341,-0.0206111392607393
25620,0.259516966233766,-0.00489959340659341,-0.0177003392607393
25621,0.258809766233766,-0.0089528934065934,-0.0118787392607393
25622,0.257395366233766,-0.0116550934065934,-0.00896793926073926
25623,0.250323366233766,-0.0157083934065934,-0.00314633926073926
25624,0.246080166233766,-0.0211127934065934,0.00558606073926074
25625,0.243251366233766,-0.0224638934065934,0.00995226073926074
25626,0.237593766233766,-0.0265171934065934,0.0128630607392607
25627,0.235472166233766,-0.0251660934065934,0.0143184607392607
25628,0.233350566233766,-0.0265171934065934,0.0143184607392607
25629,0.231936166233766,-0.0278682934065934,0.0201400607392607
25630,0.231228966233766,-0.0278682934065934,0.0201400607392607
25631,0.230521766233766,-0.0278682934065934,0.0215954607392607
25632,0.232643366233766,-0.0305704934065934,0.0245062607392607
25633,0.231936166233766,-0.0278682934065934,0.0259616607392607
25634,0.231936166233766,-0.0319215934065934,0.0259616607392607
25635,0.232643366233766,-0.0319215934065934,0.0245062607392607
25636,0.235472166233766,-0.0319215934065934,0.0259616607392607
25637,0.236179366233766,-0.0319215934065934,0.0259616607392607
25638,0.236886566233766,-0.0292193934065934,0.0230508607392607
25639,0.237593766233766,-0.0265171934065934,0.0186846607392607
25640,0.240422566233766,-0.0251660934065934,0.0128630607392607
25641,0.241129766233766,-0.0238149934065934,0.00704146073926074
25642,0.244665766233766,-0.0184105934065934,0.00121986073926074
25643,0.243958566233766,-0.0170594934065934,-0.00314633926073926
25644,0.243958566233766,-0.0130061934065934,-0.00896793926073926
25645,0.245372966233766,-0.0103039934065934,-0.0133341392607393
25646,0.244665766233766,-0.0103039934065934,-0.0162449392607393
25647,0.243251366233766,-0.0103039934065934,-0.0191557392607393
25648,0.241129766233766,-0.0116550934065934,-0.0235219392607393
25649,0.235472166233766,-0.0157083934065934,-0.0206111392607393
25650,0.229814566233766,-0.0224638934065934,-0.0162449392607393
25651,0.222035366233766,-0.0292193934065934,-0.00751253926073926
25652,0.212134566233766,-0.0400281934065934,-0.00169093926073926
25653,0.200112166233766,-0.0494858934065934,0.00704146073926074
25654,0.189504166233766,-0.0602946934065934,0.0157738607392607
25655,0.183139366233766,-0.0656990934065934,0.0201400607392607
25656,0.177481766233766,-0.0724545934065934,0.0259616607392607
25657,0.176067366233766,-0.0751567934065934,0.0245062607392607
25658,0.173945766233766,-0.0751567934065934,0.0245062607392607
25659,0.173238566233766,-0.0738056934065934,0.0215954607392607
25660,0.173945766233766,-0.0711034934065934,0.0186846607392607
25661,0.176067366233766,-0.0711034934065934,0.0172292607392607
25662,0.175360166233766,-0.0711034934065934,0.0114076607392607
25663,0.176067366233766,-0.0697523934065934,0.00558606073926074
25664,0.178188966233766,-0.0684012934065934,-0.000235539260739261
25665,0.181724966233766,-0.0656990934065934,-0.00169093926073926
25666,0.181724966233766,-0.0602946934065934,-0.00605713926073926
25667,0.182432166233766,-0.0562413934065934,-0.0104233392607393
25668,0.182432166233766,-0.0548902934065934,-0.0104233392607393
25669,0.185260966233766,-0.0521880934065934,-0.0104233392607393
25670,0.183139366233766,-0.0508369934065934,-0.0118787392607393
25671,0.184553766233766,-0.0467836934065934,-0.0118787392607393
25672,0.183846566233766,-0.0440814934065934,-0.0118787392607393
25673,0.184553766233766,-0.0427303934065934,-0.0133341392607393
25674,0.183846566233766,-0.0440814934065934,-0.0162449392607393
25675,0.185968166233766,-0.0427303934065934,-0.0162449392607393
25676,0.188089766233766,-0.0413792934065934,-0.0191557392607393
25677,0.188089766233766,-0.0413792934065934,-0.0206111392607393
25678,0.190211366233766,-0.0413792934065934,-0.0177003392607393
25679,0.193040166233766,-0.0413792934065934,-0.0147895392607393
25680,0.195161766233766,-0.0427303934065934,-0.0147895392607393
25681,0.193040166233766,-0.0440814934065934,-0.00896793926073926
25682,0.191625766233766,-0.0494858934065934,-0.00605713926073926
25683,0.193040166233766,-0.0481347934065934,-0.000235539260739261
25684,0.190211366233766,-0.0508369934065934,0.00267526073926074
25685,0.187382566233766,-0.0575924934065934,0.00413066073926074
25686,0.183846566233766,-0.0589435934065934,0.00995226073926074
25687,0.182432166233766,-0.0643479934065934,0.0143184607392607
25688,0.181724966233766,-0.0670501934065934,0.0186846607392607
25689,0.183139366233766,-0.0670501934065934,0.0186846607392607
25690,0.182432166233766,-0.0670501934065934,0.0201400607392607
25691,0.185968166233766,-0.0629968934065934,0.0172292607392607
25692,0.191625766233766,-0.0562413934065934,0.0143184607392607
25693,0.201526566233766,-0.0481347934065934,0.00558606073926074
25694,0.212134566233766,-0.0359748934065934,-0.00460173926073926
25695,0.222742566233766,-0.0238149934065934,-0.0147895392607393
25696,0.229814566233766,-0.0130061934065934,-0.0191557392607393
25697,0.236886566233766,-0.0103039934065934,-0.0191557392607393
25698,0.240422566233766,-0.00354849340659341,-0.0220665392607393
25699,0.243958566233766,-0.000846293406593406,-0.0206111392607393
25700,0.244665766233766,0.00320700659340659,-0.0162449392607393
25701,0.244665766233766,0.00185590659340659,-0.0133341392607393
25702,0.243251366233766,-0.00219739340659341,-0.0104233392607393
25703,0.241836966233766,-0.00354849340659341,-0.00605713926073926
25704,0.239715366233766,-0.00489959340659341,-0.00169093926073926
25705,0.236886566233766,-0.00760179340659341,0.00558606073926074
25706,0.232643366233766,-0.0116550934065934,0.0114076607392607
25707,0.227692966233766,-0.0184105934065934,0.0172292607392607
25708,0.224864166233766,-0.0211127934065934,0.0201400607392607
25709,0.219913766233766,-0.0278682934065934,0.0230508607392607
25710,0.214256166233766,-0.0292193934065934,0.0259616607392607
25711,0.212134566233766,-0.0319215934065934,0.0245062607392607
25712,0.210012966233766,-0.0332726934065934,0.0274170607392607
25713,0.210012966233766,-0.0346237934065934,0.0274170607392607
25714,0.207184166233766,-0.0332726934065934,0.0288724607392607
25715,0.205769766233766,-0.0332726934065934,0.0274170607392607
25716,0.207184166233766,-0.0319215934065934,0.0259616607392607
25717,0.205062566233766,-0.0319215934065934,0.0288724607392607
25718,0.207184166233766,-0.0305704934065934,0.0274170607392607
25719,0.208598566233766,-0.0305704934065934,0.0259616607392607
25720,0.207184166233766,-0.0305704934065934,0.0259616607392607
25721,0.210012966233766,-0.0305704934065934,0.0201400607392607
25722,0.209305766233766,-0.0305704934065934,0.0172292607392607
25723,0.213548966233766,-0.0265171934065934,0.0157738607392607
25724,0.214256166233766,-0.0197616934065934,0.0114076607392607
25725,0.216377766233766,-0.0157083934065934,0.00704146073926074
25726,0.218499366233766,-0.0143572934065934,0.00267526073926074
25727,0.218499366233766,-0.0116550934065934,-0.000235539260739261
25728,0.219913766233766,-0.0089528934065934,-0.00460173926073926
25729,0.222035366233766,-0.00489959340659341,-0.00605713926073926
25730,0.222035366233766,-0.00489959340659341,-0.00751253926073926
25731,0.219913766233766,-0.00760179340659341,-0.0104233392607393
25732,0.216377766233766,-0.0116550934065934,-0.0104233392607393
25733,0.212841766233766,-0.0197616934065934,-0.00751253926073926
25734,0.202233766233766,-0.0292193934065934,-0.00169093926073926
25735,0.194454566233766,-0.0427303934065934,0.00995226073926074
25736,0.181724966233766,-0.0562413934065934,0.0157738607392607
25737,0.174652966233766,-0.0670501934065934,0.0259616607392607
25738,0.166166566233766,-0.0738056934065934,0.0303278607392607
25739,0.162630566233766,-0.0805611934065934,0.0317832607392607
25740,0.160508966233766,-0.0846144934065934,0.0346940607392607
25741,0.161923366233766,-0.0832633934065934,0.0346940607392607
25742,0.160508966233766,-0.0846144934065934,0.0346940607392607
25743,0.160508966233766,-0.0805611934065934,0.0274170607392607
25744,0.161216166233766,-0.0792100934065934,0.0230508607392607
25745,0.161923366233766,-0.0765078934065934,0.0201400607392607
25746,0.162630566233766,-0.0738056934065934,0.0128630607392607
25747,0.162630566233766,-0.0711034934065934,0.00704146073926074
25748,0.164044966233766,-0.0670501934065934,0.00704146073926074
25749,0.166873766233766,-0.0643479934065934,-0.000235539260739261
25750,0.168288166233766,-0.0616457934065934,-0.00314633926073926
25751,0.171824166233766,-0.0589435934065934,-0.00314633926073926
25752,0.171116966233766,-0.0589435934065934,-0.00605713926073926
25753,0.171116966233766,-0.0548902934065934,-0.00751253926073926
25754,0.170409766233766,-0.0575924934065934,-0.00460173926073926
25755,0.169702566233766,-0.0535391934065934,-0.00314633926073926
25756,0.168995366233766,-0.0535391934065934,-0.00751253926073926
25757,0.168288166233766,-0.0535391934065934,-0.00605713926073926
25758,0.166166566233766,-0.0521880934065934,-0.00314633926073926
25759,0.166166566233766,-0.0521880934065934,-0.000235539260739261
25760,0.165459366233766,-0.0521880934065934,-0.000235539260739261
25761,0.166166566233766,-0.0535391934065934,0.00267526073926074
25762,0.164044966233766,-0.0521880934065934,0.00413066073926074
25763,0.163337766233766,-0.0535391934065934,0.00558606073926074
25764,0.161923366233766,-0.0548902934065934,0.00849686073926074
25765,0.160508966233766,-0.0575924934065934,0.0143184607392607
25766,0.156972966233766,-0.0589435934065934,0.0157738607392607
25767,0.153436966233766,-0.0575924934065934,0.0215954607392607
25768,0.149193766233766,-0.0616457934065934,0.0259616607392607
25769,0.146364966233766,-0.0643479934065934,0.0317832607392607
25770,0.143536166233766,-0.0656990934065934,0.0346940607392607
25771,0.141414566233766,-0.0684012934065934,0.0361494607392607
25772,0.138585766233766,-0.0670501934065934,0.0390602607392607
25773,0.137878566233766,-0.0684012934065934,0.0390602607392607
25774,0.140707366233766,-0.0643479934065934,0.0361494607392607
25775,0.145657766233766,-0.0602946934065934,0.0332386607392607
25776,0.152729766233766,-0.0535391934065934,0.0245062607392607
25777,0.161923366233766,-0.0427303934065934,0.0143184607392607
25778,0.171824166233766,-0.0332726934065934,0.00558606073926074
25779,0.183139366233766,-0.0238149934065934,-0.00314633926073926
25780,0.189504166233766,-0.0197616934065934,-0.00751253926073926
25781,0.195868966233766,-0.0157083934065934,-0.0104233392607393
25782,0.199404966233766,-0.0143572934065934,-0.0133341392607393
25783,0.202940966233766,-0.0130061934065934,-0.0118787392607393
25784,0.202233766233766,-0.0130061934065934,-0.0118787392607393
25785,0.200819366233766,-0.0143572934065934,-0.00896793926073926
25786,0.200819366233766,-0.0170594934065934,-0.00460173926073926
25787,0.197283366233766,-0.0170594934065934,-0.00460173926073926
25788,0.194454566233766,-0.0197616934065934,0.00121986073926074
25789,0.190211366233766,-0.0224638934065934,0.00704146073926074
25790,0.187382566233766,-0.0251660934065934,0.0114076607392607
25791,0.183139366233766,-0.0305704934065934,0.0157738607392607
25792,0.178188966233766,-0.0332726934065934,0.0186846607392607
25793,0.172531366233766,-0.0373259934065934,0.0186846607392607
25794,0.169702566233766,-0.0373259934065934,0.0215954607392607
25795,0.167580966233766,-0.0359748934065934,0.0245062607392607
25796,0.164752166233766,-0.0373259934065934,0.0303278607392607
25797,0.162630566233766,-0.0373259934065934,0.0317832607392607
25798,0.161216166233766,-0.0400281934065934,0.0361494607392607
25799,0.161216166233766,-0.0386770934065934,0.0361494607392607
25800,0.159801766233766,-0.0386770934065934,0.0361494607392607
25801,0.159801766233766,-0.0386770934065934,0.0390602607392607
25802,0.159801766233766,-0.0386770934065934,0.0405156607392607
25803,0.159094566233766,-0.0400281934065934,0.0405156607392607
25804,0.161923366233766,-0.0373259934065934,0.0405156607392607
25805,0.161923366233766,-0.0386770934065934,0.0376048607392607
25806,0.164752166233766,-0.0346237934065934,0.0332386607392607
25807,0.168995366233766,-0.0332726934065934,0.0303278607392607
25808,0.172531366233766,-0.0292193934065934,0.0274170607392607
25809,0.171824166233766,-0.0265171934065934,0.0186846607392607
25810,0.173945766233766,-0.0211127934065934,0.0143184607392607
25811,0.176067366233766,-0.0197616934065934,0.00995226073926074
25812,0.178188966233766,-0.0143572934065934,0.00558606073926074
25813,0.180310566233766,-0.0143572934065934,0.00413066073926074
25814,0.178896166233766,-0.0130061934065934,0.00121986073926074
25815,0.175360166233766,-0.0170594934065934,-0.00314633926073926
25816,0.173238566233766,-0.0184105934065934,-0.00314633926073926
25817,0.166166566233766,-0.0251660934065934,0.00267526073926074
25818,0.157680166233766,-0.0373259934065934,0.00995226073926074
25819,0.144950566233766,-0.0494858934065934,0.0201400607392607
25820,0.134342566233766,-0.0616457934065934,0.0274170607392607
25821,0.127977766233766,-0.0711034934065934,0.0346940607392607
25822,0.121612966233766,-0.0765078934065934,0.0361494607392607
25823,0.116662566233766,-0.0819122934065934,0.0376048607392607
25824,0.116662566233766,-0.0805611934065934,0.0361494607392607
25825,0.118784166233766,-0.0805611934065934,0.0361494607392607
25826,0.120905766233766,-0.0819122934065934,0.0346940607392607
25827,0.123027366233766,-0.0792100934065934,0.0317832607392607
25828,0.123734566233766,-0.0778589934065934,0.0274170607392607
25829,0.125148966233766,-0.0765078934065934,0.0186846607392607
25830,0.128684966233766,-0.0724545934065934,0.0172292607392607
25831,0.130806566233766,-0.0711034934065934,0.0128630607392607
25832,0.132928166233766,-0.0684012934065934,0.0114076607392607
25833,0.132928166233766,-0.0629968934065934,0.00558606073926074
25834,0.133635366233766,-0.0629968934065934,0.00267526073926074
25835,0.133635366233766,-0.0589435934065934,-0.000235539260739261
25836,0.132928166233766,-0.0548902934065934,-0.00169093926073926
25837,0.130806566233766,-0.0548902934065934,0.00121986073926074
25838,0.127977766233766,-0.0508369934065934,0.00267526073926074
25839,0.125148966233766,-0.0521880934065934,0.00121986073926074
25840,0.124441766233766,-0.0508369934065934,0.00121986073926074
25841,0.123027366233766,-0.0494858934065934,-0.000235539260739261
25842,0.123027366233766,-0.0535391934065934,0.00267526073926074
25843,0.120905766233766,-0.0521880934065934,0.00121986073926074
25844,0.120905766233766,-0.0535391934065934,0.00413066073926074
25845,0.121612966233766,-0.0521880934065934,0.00704146073926074
25846,0.121612966233766,-0.0535391934065934,0.00995226073926074
25847,0.120905766233766,-0.0562413934065934,0.0143184607392607
25848,0.117369766233766,-0.0562413934065934,0.0201400607392607
25849,0.115248166233766,-0.0589435934065934,0.0259616607392607
25850,0.114540966233766,-0.0616457934065934,0.0259616607392607
25851,0.112419366233766,-0.0656990934065934,0.0288724607392607
25852,0.108883366233766,-0.0670501934065934,0.0376048607392607
25853,0.107468966233766,-0.0697523934065934,0.0390602607392607
25854,0.104640166233766,-0.0724545934065934,0.0419710607392607
25855,0.101811366233766,-0.0697523934065934,0.0434264607392607
25856,0.104640166233766,-0.0697523934065934,0.0463372607392607
25857,0.103225766233766,-0.0656990934065934,0.0434264607392607
25858,0.106761766233766,-0.0616457934065934,0.0390602607392607
25859,0.111004966233766,-0.0494858934065934,0.0303278607392607
25860,0.119491366233766,-0.0413792934065934,0.0201400607392607
25861,0.127977766233766,-0.0319215934065934,0.0128630607392607
25862,0.133635366233766,-0.0170594934065934,-0.000235539260739261
25863,0.141414566233766,-0.0143572934065934,-0.00605713926073926
25864,0.146364966233766,-0.0089528934065934,-0.0118787392607393
25865,0.150608166233766,-0.00354849340659341,-0.0133341392607393
25866,0.149900966233766,-0.00354849340659341,-0.0133341392607393
25867,0.152729766233766,-0.00354849340659341,-0.00896793926073926
25868,0.154144166233766,-0.00489959340659341,-0.00605713926073926
25869,0.154144166233766,-0.00354849340659341,-0.00314633926073926
25870,0.155558566233766,-0.0062506934065934,0.00121986073926074
25871,0.155558566233766,-0.0103039934065934,0.00849686073926074
25872,0.155558566233766,-0.0143572934065934,0.0114076607392607
25873,0.151315366233766,-0.0157083934065934,0.0157738607392607
25874,0.149193766233766,-0.0211127934065934,0.0230508607392607
25875,0.147072166233766,-0.0238149934065934,0.0245062607392607
25876,0.142828966233766,-0.0292193934065934,0.0274170607392607
25877,0.140707366233766,-0.0305704934065934,0.0303278607392607
25878,0.138585766233766,-0.0305704934065934,0.0303278607392607
25879,0.135049766233766,-0.0332726934065934,0.0332386607392607
25880,0.131513766233766,-0.0346237934065934,0.0332386607392607
25881,0.128684966233766,-0.0359748934065934,0.0346940607392607
25882,0.127977766233766,-0.0346237934065934,0.0361494607392607
25883,0.126563366233766,-0.0305704934065934,0.0361494607392607
25884,0.121612966233766,-0.0305704934065934,0.0390602607392607
25885,0.121612966233766,-0.0292193934065934,0.0376048607392607
25886,0.120198566233766,-0.0292193934065934,0.0361494607392607
25887,0.120905766233766,-0.0305704934065934,0.0332386607392607
25888,0.122320166233766,-0.0305704934065934,0.0288724607392607
25889,0.123027366233766,-0.0278682934065934,0.0245062607392607
25890,0.123734566233766,-0.0251660934065934,0.0259616607392607
25891,0.129392166233766,-0.0211127934065934,0.0186846607392607
25892,0.130806566233766,-0.0184105934065934,0.0157738607392607
25893,0.135756966233766,-0.0157083934065934,0.0128630607392607
25894,0.140000166233766,-0.0130061934065934,0.0114076607392607
25895,0.141414566233766,-0.0116550934065934,0.00849686073926074
25896,0.144243366233766,-0.0103039934065934,0.00413066073926074
25897,0.144950566233766,-0.0089528934065934,-0.000235539260739261
25898,0.144243366233766,-0.0089528934065934,-0.000235539260739261
25899,0.139292966233766,-0.0130061934065934,-0.000235539260739261
25900,0.132928166233766,-0.0211127934065934,0.00413066073926074
25901,0.124441766233766,-0.0292193934065934,0.00995226073926074
25902,0.113126566233766,-0.0400281934065934,0.0230508607392607
25903,0.103932966233766,-0.0521880934065934,0.0317832607392607
25904,0.0919105662337662,-0.0589435934065934,0.0361494607392607
25905,0.0848385662337662,-0.0670501934065934,0.0419710607392607
25906,0.0770593662337662,-0.0724545934065934,0.0434264607392607
25907,0.0721089662337662,-0.0738056934065934,0.0434264607392607
25908,0.0699873662337662,-0.0751567934065934,0.0434264607392607
25909,0.0714017662337662,-0.0751567934065934,0.0361494607392607
25910,0.0706945662337662,-0.0724545934065934,0.0361494607392607
25911,0.0742305662337662,-0.0711034934065934,0.0332386607392607
25912,0.0777665662337662,-0.0656990934065934,0.0274170607392607
25913,0.0784737662337662,-0.0656990934065934,0.0230508607392607
25914,0.0820097662337662,-0.0629968934065934,0.0172292607392607
25915,0.0876673662337662,-0.0589435934065934,0.0128630607392607
25916,0.0890817662337662,-0.0508369934065934,0.00995226073926074
25917,0.0933249662337662,-0.0508369934065934,0.00413066073926074
25918,0.0954465662337662,-0.0481347934065934,0.00413066073926074
25919,0.0961537662337662,-0.0481347934065934,0.00121986073926074
25920,0.0975681662337662,-0.0454325934065934,-0.000235539260739261
25921,0.0968609662337662,-0.0454325934065934,0.00121986073926074
25922,0.0940321662337662,-0.0440814934065934,-0.00169093926073926
25923,0.0926177662337662,-0.0440814934065934,0.00267526073926074
25924,0.0912033662337662,-0.0467836934065934,-0.000235539260739261
25925,0.0890817662337662,-0.0413792934065934,-0.000235539260739261
25926,0.0855457662337662,-0.0413792934065934,-0.000235539260739261
25927,0.0848385662337662,-0.0400281934065934,-0.000235539260739261
25928,0.0827169662337662,-0.0413792934065934,-0.000235539260739261
25929,0.0798881662337662,-0.0413792934065934,0.00267526073926074
25930,0.0749377662337662,-0.0413792934065934,0.00558606073926074
25931,0.0728161662337662,-0.0454325934065934,0.00704146073926074
25932,0.0678657662337662,-0.0467836934065934,0.0157738607392607
25933,0.0643297662337662,-0.0508369934065934,0.0201400607392607
25934,0.0615009662337662,-0.0548902934065934,0.0215954607392607
25935,0.0593793662337662,-0.0575924934065934,0.0274170607392607
25936,0.0579649662337662,-0.0602946934065934,0.0303278607392607
25937,0.0551361662337662,-0.0616457934065934,0.0317832607392607
25938,0.0551361662337662,-0.0643479934065934,0.0376048607392607
25939,0.0558433662337662,-0.0656990934065934,0.0376048607392607
25940,0.0586721662337662,-0.0589435934065934,0.0405156607392607
25941,0.0643297662337662,-0.0575924934065934,0.0419710607392607
25942,0.0721089662337662,-0.0508369934065934,0.0303278607392607
25943,0.0805953662337662,-0.0400281934065934,0.0201400607392607
25944,0.0904961662337662,-0.0278682934065934,0.00704146073926074
25945,0.0996897662337662,-0.0157083934065934,-0.00314633926073926
25946,0.106761766233766,-0.0089528934065934,-0.0104233392607393
25947,0.111712166233766,-0.00219739340659341,-0.0177003392607393
25948,0.114540966233766,0.000504806593406593,-0.0191557392607393
25949,0.115955366233766,0.000504806593406593,-0.0206111392607393
25950,0.114540966233766,0.00320700659340659,-0.0235219392607393
25951,0.112419366233766,0.00320700659340659,-0.0177003392607393
25952,0.110297766233766,0.000504806593406593,-0.0177003392607393
25953,0.108883366233766,0.000504806593406593,-0.0147895392607393
25954,0.105347366233766,0.00185590659340659,-0.0118787392607393
25955,0.102518566233766,-0.00219739340659341,-0.00460173926073926
25956,0.0968609662337662,-0.00489959340659341,-0.000235539260739261
25957,0.0947393662337662,-0.0103039934065934,0.00413066073926074
25958,0.0926177662337662,-0.0143572934065934,0.00995226073926074
25959,0.0904961662337662,-0.0157083934065934,0.0215954607392607
25960,0.0876673662337662,-0.0197616934065934,0.0128630607392607
25961,0.0876673662337662,-0.0238149934065934,0.0172292607392607
25962,0.0876673662337662,-0.0251660934065934,0.0201400607392607
25963,0.0890817662337662,-0.0251660934065934,0.0230508607392607
25964,0.0890817662337662,-0.0265171934065934,0.0230508607392607
25965,0.0890817662337662,-0.0251660934065934,0.0259616607392607
25966,0.0890817662337662,-0.0265171934065934,0.0245062607392607
25967,0.0869601662337662,-0.0265171934065934,0.0245062607392607
25968,0.0862529662337662,-0.0278682934065934,0.0245062607392607
25969,0.0841313662337662,-0.0265171934065934,0.0274170607392607
25970,0.0841313662337662,-0.0265171934065934,0.0245062607392607
25971,0.0834241662337662,-0.0251660934065934,0.0201400607392607
25972,0.0813025662337662,-0.0224638934065934,0.0201400607392607
25973,0.0820097662337662,-0.0184105934065934,0.0172292607392607
25974,0.0848385662337662,-0.0143572934065934,0.0114076607392607
25975,0.0855457662337662,-0.0116550934065934,0.00995226073926074
25976,0.0855457662337662,-0.0089528934065934,0.00704146073926074
25977,0.0876673662337662,-0.00219739340659341,0.00267526073926074
25978,0.0883745662337662,0.000504806593406593,-0.000235539260739261
25979,0.0890817662337662,0.000504806593406593,-0.00460173926073926
25980,0.0862529662337662,0.00320700659340659,-0.00460173926073926
25981,0.0862529662337662,0.00185590659340659,-0.00460173926073926
25982,0.0827169662337662,-0.000846293406593406,-0.00314633926073926
25983,0.0777665662337662,-0.00489959340659341,-0.000235539260739261
25984,0.0706945662337662,-0.0130061934065934,0.00995226073926074
25985,0.0622081662337662,-0.0251660934065934,0.0172292607392607
25986,0.0516001662337662,-0.0373259934065934,0.0288724607392607
25987,0.0431137662337662,-0.0454325934065934,0.0346940607392607
25988,0.0353345662337662,-0.0521880934065934,0.0405156607392607
25989,0.0303841662337662,-0.0589435934065934,0.0419710607392607
25990,0.0268481662337662,-0.0602946934065934,0.0419710607392607
25991,0.0261409662337662,-0.0643479934065934,0.0376048607392607
25992,0.0261409662337662,-0.0643479934065934,0.0390602607392607
25993,0.0268481662337662,-0.0629968934065934,0.0346940607392607
25994,0.0275553662337662,-0.0629968934065934,0.0288724607392607
25995,0.0282625662337662,-0.0629968934065934,0.0245062607392607
25996,0.0310913662337662,-0.0602946934065934,0.0201400607392607
25997,0.0296769662337662,-0.0548902934065934,0.0157738607392607
25998,0.0317985662337662,-0.0481347934065934,0.00558606073926074
25999,0.0360417662337662,-0.0454325934065934,-0.00314633926073926
26000,0.0367489662337662,-0.0427303934065934,-0.00314633926073926
26001,0.0395777662337662,-0.0400281934065934,-0.00605713926073926
26002,0.0402849662337662,-0.0400281934065934,-0.00605713926073926
26003,0.0402849662337662,-0.0386770934065934,-0.00896793926073926
26004,0.0416993662337662,-0.0373259934065934,-0.0104233392607393
26005,0.0409921662337662,-0.0373259934065934,-0.00896793926073926
26006,0.0424065662337662,-0.0359748934065934,-0.0133341392607393
26007,0.0424065662337662,-0.0359748934065934,-0.0104233392607393
26008,0.0431137662337662,-0.0346237934065934,-0.0104233392607393
26009,0.0416993662337662,-0.0373259934065934,-0.00896793926073926
26010,0.0424065662337662,-0.0386770934065934,-0.00605713926073926
26011,0.0416993662337662,-0.0359748934065934,-0.00460173926073926
26012,0.0409921662337662,-0.0386770934065934,-0.00314633926073926
26013,0.0395777662337662,-0.0400281934065934,-0.00169093926073926
26014,0.0388705662337662,-0.0413792934065934,0.00704146073926074
26015,0.0353345662337662,-0.0454325934065934,0.00849686073926074
26016,0.0346273662337662,-0.0481347934065934,0.0143184607392607
26017,0.0303841662337662,-0.0494858934065934,0.0172292607392607
26018,0.0268481662337662,-0.0508369934065934,0.0201400607392607
26019,0.0240193662337662,-0.0521880934065934,0.0245062607392607
26020,0.0190689662337662,-0.0548902934065934,0.0288724607392607
26021,0.0183617662337662,-0.0548902934065934,0.0288724607392607
26022,0.0169473662337662,-0.0548902934065934,0.0332386607392607
26023,0.0183617662337662,-0.0521880934065934,0.0332386607392607
26024,0.0197761662337662,-0.0508369934065934,0.0303278607392607
26025,0.0247265662337662,-0.0427303934065934,0.0259616607392607
26026,0.0325057662337662,-0.0319215934065934,0.0172292607392607
26027,0.0409921662337662,-0.0184105934065934,0.00413066073926074
26028,0.0523073662337662,-0.0089528934065934,-0.00605713926073926
26029,0.0615009662337662,-0.000846293406593406,-0.0133341392607393
26030,0.0678657662337662,0.00320700659340659,-0.0191557392607393
26031,0.0749377662337662,0.0072603065934066,-0.0220665392607393
26032,0.0784737662337662,0.0086114065934066,-0.0206111392607393
26033,0.0805953662337662,0.0113136065934066,-0.0206111392607393
26034,0.0820097662337662,0.0113136065934066,-0.0191557392607393
26035,0.0805953662337662,0.0113136065934066,-0.0162449392607393
26036,0.0784737662337662,0.0126647065934066,-0.0118787392607393
26037,0.0756449662337662,0.0099625065934066,-0.00751253926073926
26038,0.0784737662337662,0.0086114065934066,-0.00169093926073926
26039,0.0742305662337662,0.00320700659340659,0.00558606073926074
26040,0.0721089662337662,-0.000846293406593406,0.00704146073926074
26041,0.0678657662337662,-0.00489959340659341,0.0128630607392607
26042,0.0678657662337662,-0.0062506934065934,0.0143184607392607
26043,0.0643297662337662,-0.0103039934065934,0.0143184607392607
26044,0.0636225662337662,-0.0130061934065934,0.0186846607392607
26045,0.0615009662337662,-0.0157083934065934,0.0201400607392607
26046,0.0600865662337662,-0.0157083934065934,0.0201400607392607
26047,0.0607937662337662,-0.0184105934065934,0.0186846607392607
26048,0.0607937662337662,-0.0170594934065934,0.0172292607392607
26049,0.0615009662337662,-0.0170594934065934,0.0215954607392607
26050,0.0607937662337662,-0.0184105934065934,0.0215954607392607
26051,0.0600865662337662,-0.0170594934065934,0.0230508607392607
26052,0.0607937662337662,-0.0184105934065934,0.0201400607392607
26053,0.0615009662337662,-0.0197616934065934,0.0215954607392607
26054,0.0650369662337662,-0.0170594934065934,0.0215954607392607
26055,0.0636225662337662,-0.0157083934065934,0.0215954607392607
26056,0.0685729662337662,-0.0103039934065934,0.0186846607392607
26057,0.0714017662337662,-0.0089528934065934,0.0157738607392607
26058,0.0742305662337662,-0.00354849340659341,0.0143184607392607
26059,0.0763521662337662,-0.00219739340659341,0.00849686073926074
26060,0.0791809662337662,-0.000846293406593406,0.00267526073926074
26061,0.0805953662337662,0.00455810659340659,-0.00169093926073926
26062,0.0834241662337662,0.0072603065934066,-0.00169093926073926
26063,0.0813025662337662,0.0086114065934066,-0.00605713926073926
26064,0.0820097662337662,0.0072603065934066,-0.00460173926073926
26065,0.0791809662337662,0.00590920659340659,-0.00314633926073926
26066,0.0728161662337662,0.00185590659340659,-0.00314633926073926
26067,0.0657441662337662,-0.0062506934065934,0.00121986073926074
26068,0.0551361662337662,-0.0157083934065934,0.00704146073926074
26069,0.0459425662337662,-0.0265171934065934,0.0172292607392607
26070,0.0339201662337662,-0.0373259934065934,0.0245062607392607
26071,0.0289697662337662,-0.0481347934065934,0.0288724607392607
26072,0.0211905662337662,-0.0535391934065934,0.0317832607392607
26073,0.0197761662337662,-0.0562413934065934,0.0332386607392607
26074,0.0169473662337662,-0.0589435934065934,0.0332386607392607
26075,0.0162401662337662,-0.0616457934065934,0.0303278607392607
26076,0.0183617662337662,-0.0589435934065934,0.0274170607392607
26077,0.0176545662337662,-0.0575924934065934,0.0230508607392607
26078,0.0204833662337662,-0.0562413934065934,0.0172292607392607
26079,0.0218977662337662,-0.0548902934065934,0.0157738607392607
26080,0.0254337662337662,-0.0521880934065934,0.00995226073926074
26081,0.0310913662337662,-0.0508369934065934,0.00704146073926074
26082,0.0310913662337662,-0.0494858934065934,0.00121986073926074
26083,0.0346273662337662,-0.0454325934065934,-0.000235539260739261
26084,0.0353345662337662,-0.0400281934065934,-0.00605713926073926
26085,0.0353345662337662,-0.0386770934065934,-0.00896793926073926
26086,0.0360417662337662,-0.0373259934065934,-0.00896793926073926
26087,0.0367489662337662,-0.0346237934065934,-0.0162449392607393
26088,0.0367489662337662,-0.0359748934065934,-0.0133341392607393
26089,0.0367489662337662,-0.0359748934065934,-0.0147895392607393
26090,0.0388705662337662,-0.0373259934065934,-0.0162449392607393
26091,0.0346273662337662,-0.0359748934065934,-0.0162449392607393
26092,0.0339201662337662,-0.0346237934065934,-0.0191557392607393
26093,0.0332129662337662,-0.0359748934065934,-0.0191557392607393
26094,0.0310913662337662,-0.0373259934065934,-0.0162449392607393
26095,0.0296769662337662,-0.0346237934065934,-0.0147895392607393
26096,0.0289697662337662,-0.0359748934065934,-0.0162449392607393
26097,0.0254337662337662,-0.0359748934065934,-0.0133341392607393
26098,0.0233121662337662,-0.0400281934065934,-0.00896793926073926
26099,0.0197761662337662,-0.0440814934065934,-0.00460173926073926
26100,0.0176545662337662,-0.0454325934065934,-0.000235539260739261
26101,0.0148257662337662,-0.0508369934065934,0.00413066073926074
26102,0.0119969662337662,-0.0548902934065934,0.00849686073926074
26103,0.00916816623376623,-0.0548902934065934,0.0114076607392607
26104,0.00704656623376623,-0.0575924934065934,0.0128630607392607
26105,0.00351056623376624,-0.0602946934065934,0.0172292607392607
26106,0.00563216623376623,-0.0616457934065934,0.0172292607392607
26107,0.00916816623376623,-0.0548902934065934,0.0172292607392607
26108,0.0141185662337662,-0.0494858934065934,0.0128630607392607
26109,0.0197761662337662,-0.0400281934065934,0.00704146073926074
26110,0.0282625662337662,-0.0305704934065934,-0.00314633926073926
26111,0.0409921662337662,-0.0184105934065934,-0.0147895392607393
26112,0.0480641662337662,-0.0062506934065934,-0.0220665392607393
26113,0.0558433662337662,0.000504806593406593,-0.0322543392607393
26114,0.0615009662337662,0.00320700659340659,-0.0322543392607393
26115,0.0636225662337662,0.0086114065934066,-0.0337097392607393
26116,0.0643297662337662,0.0099625065934066,-0.0337097392607393
26117,0.0650369662337662,0.0099625065934066,-0.0337097392607393
26118,0.0650369662337662,0.00590920659340659,-0.0307989392607393
26119,0.0622081662337662,0.00455810659340659,-0.0278881392607393
26120,0.0636225662337662,0.00320700659340659,-0.0235219392607393
26121,0.0607937662337662,0.000504806593406593,-0.0162449392607393
26122,0.0558433662337662,-0.00219739340659341,-0.0118787392607393
26123,0.0523073662337662,-0.00489959340659341,-0.00605713926073926
26124,0.0487713662337662,-0.0089528934065934,-0.000235539260739261
26125,0.0438209662337662,-0.0103039934065934,0.00267526073926074
26126,0.0424065662337662,-0.0130061934065934,0.00558606073926074
26127,0.0388705662337662,-0.0130061934065934,0.00849686073926074
26128,0.0381633662337662,-0.0143572934065934,0.00704146073926074
26129,0.0374561662337662,-0.0157083934065934,0.0114076607392607
26130,0.0360417662337662,-0.0157083934065934,0.0128630607392607
26131,0.0353345662337662,-0.0157083934065934,0.0172292607392607
26132,0.0353345662337662,-0.0143572934065934,0.0172292607392607
26133,0.0367489662337662,-0.0143572934065934,0.0172292607392607
26134,0.0402849662337662,-0.0143572934065934,0.0201400607392607
26135,0.0409921662337662,-0.0130061934065934,0.0201400607392607
26136,0.0424065662337662,-0.0116550934065934,0.0215954607392607
26137,0.0424065662337662,-0.0089528934065934,0.0215954607392607
26138,0.0445281662337662,-0.00760179340659341,0.0186846607392607
26139,0.0480641662337662,-0.00489959340659341,0.0157738607392607
26140,0.0501857662337662,-0.00354849340659341,0.0186846607392607
26141,0.0516001662337662,-0.00219739340659341,0.00558606073926074
26142,0.0565505662337662,0.00185590659340659,-0.000235539260739261
26143,0.0565505662337662,0.00455810659340659,-0.00460173926073926
26144,0.0593793662337662,0.0072603065934066,-0.00605713926073926
26145,0.0615009662337662,0.0086114065934066,-0.0118787392607393
26146,0.0615009662337662,0.0099625065934066,-0.0162449392607393
26147,0.0615009662337662,0.0086114065934066,-0.0177003392607393
26148,0.0615009662337662,0.00590920659340659,-0.0191557392607393
26149,0.0572577662337662,0.00185590659340659,-0.0191557392607393
26150,0.0523073662337662,-0.00489959340659341,-0.0147895392607393
26151,0.0438209662337662,-0.0143572934065934,-0.00460173926073926
26152,0.0339201662337662,-0.0251660934065934,0.00121986073926074
26153,0.0218977662337662,-0.0346237934065934,0.0143184607392607
26154,0.0169473662337662,-0.0427303934065934,0.0230508607392607
26155,0.00846096623376623,-0.0508369934065934,0.0274170607392607
26156,0.00704656623376623,-0.0548902934065934,0.0332386607392607
26157,0.00492496623376624,-0.0575924934065934,0.0303278607392607
26158,0.00351056623376624,-0.0575924934065934,0.0274170607392607
26159,0.00421776623376623,-0.0589435934065934,0.0230508607392607
26160,0.00209616623376623,-0.0562413934065934,0.0201400607392607
26161,0.00209616623376623,-0.0562413934065934,0.0172292607392607
26162,0.00351056623376624,-0.0548902934065934,0.0114076607392607
26163,0.00492496623376624,-0.0508369934065934,0.00267526073926074
26164,0.00704656623376623,-0.0494858934065934,0.00413066073926074
26165,0.00916816623376623,-0.0440814934065934,-0.000235539260739261
26166,0.0119969662337662,-0.0400281934065934,-0.00605713926073926
26167,0.0134113662337662,-0.0386770934065934,-0.00751253926073926
26168,0.0127041662337662,-0.0359748934065934,-0.0118787392607393
26169,0.0105825662337662,-0.0346237934065934,-0.0118787392607393
26170,0.00987536623376623,-0.0346237934065934,-0.0147895392607393
26171,0.0105825662337662,-0.0332726934065934,-0.0191557392607393
26172,0.00987536623376623,-0.0319215934065934,-0.0177003392607393
26173,0.00775376623376623,-0.0305704934065934,-0.0177003392607393
26174,0.00563216623376623,-0.0305704934065934,-0.0177003392607393
26175,0.00492496623376624,-0.0292193934065934,-0.0191557392607393
26176,0.00563216623376623,-0.0332726934065934,-0.0206111392607393
26177,0.00421776623376623,-0.0292193934065934,-0.0235219392607393
26178,0.00351056623376624,-0.0305704934065934,-0.0235219392607393
26179,0.00280336623376624,-0.0305704934065934,-0.0220665392607393
26180,0.00280336623376624,-0.0319215934065934,-0.0162449392607393
26181,0.000681766233766236,-0.0346237934065934,-0.0147895392607393
26182,-0.00285423376623377,-0.0359748934065934,-0.00896793926073926
26183,-0.00497583376623377,-0.0386770934065934,-0.00605713926073926
26184,-0.00780463376623377,-0.0413792934065934,-0.000235539260739261
26185,-0.00851183376623376,-0.0467836934065934,-0.000235539260739261
26186,-0.0127550337662338,-0.0467836934065934,0.00558606073926074
26187,-0.0134622337662338,-0.0508369934065934,0.00704146073926074
26188,-0.0177054337662338,-0.0535391934065934,0.00704146073926074
26189,-0.0155838337662338,-0.0508369934065934,0.00704146073926074
26190,-0.0169982337662338,-0.0494858934065934,0.00267526073926074
26191,-0.0148766337662338,-0.0454325934065934,-0.000235539260739261
26192,-0.00851183376623376,-0.0386770934065934,-0.00896793926073926
26193,0.000681766233766236,-0.0251660934065934,-0.0206111392607393
26194,0.0105825662337662,-0.0157083934065934,-0.0337097392607393
26195,0.0176545662337662,-0.00354849340659341,-0.0424421392607393
26196,0.0254337662337662,0.00455810659340659,-0.0526299392607393
26197,0.0296769662337662,0.0086114065934066,-0.0599069392607393
26198,0.0332129662337662,0.0126647065934066,-0.0642731392607393
26199,0.0332129662337662,0.0126647065934066,-0.0613623392607393
26200,0.0353345662337662,0.0126647065934066,-0.0599069392607393
26201,0.0332129662337662,0.0126647065934066,-0.0599069392607393
26202,0.0325057662337662,0.0086114065934066,-0.0584515392607393
26203,0.0332129662337662,0.0099625065934066,-0.0540853392607393
26204,0.0296769662337662,0.00590920659340659,-0.0497191392607393
26205,0.0282625662337662,0.00455810659340659,-0.0424421392607393
26206,0.0275553662337662,0.00185590659340659,-0.0351651392607393
26207,0.0240193662337662,-0.00354849340659341,-0.0322543392607393
26208,0.0204833662337662,-0.0062506934065934,-0.0264327392607393
26209,0.0190689662337662,-0.0103039934065934,-0.0249773392607393
26210,0.0183617662337662,-0.0103039934065934,-0.0162449392607393
26211,0.0148257662337662,-0.0116550934065934,-0.0133341392607393
26212,0.0112897662337662,-0.0116550934065934,-0.0104233392607393
26213,0.0105825662337662,-0.0116550934065934,-0.00460173926073926
26214,0.00916816623376623,-0.0116550934065934,-0.00314633926073926
26215,0.00846096623376623,-0.0089528934065934,0.00413066073926074
26216,0.00846096623376623,-0.0089528934065934,0.00413066073926074
26217,0.00775376623376623,-0.0089528934065934,0.00558606073926074
26218,0.00704656623376623,-0.00760179340659341,0.00558606073926074
26219,0.00987536623376623,-0.0062506934065934,0.00704146073926074
26220,0.00916816623376623,-0.0062506934065934,0.00849686073926074
26221,0.0112897662337662,-0.00219739340659341,0.00704146073926074
26222,0.0127041662337662,0.00185590659340659,0.00558606073926074
26223,0.0141185662337662,0.00455810659340659,0.00267526073926074
26224,0.0183617662337662,0.0072603065934066,-0.00169093926073926
26225,0.0211905662337662,0.0086114065934066,-0.00169093926073926
26226,0.0282625662337662,0.0113136065934066,-0.00605713926073926
26227,0.0282625662337662,0.0153669065934066,-0.0118787392607393
26228,0.0332129662337662,0.0153669065934066,-0.0162449392607393
26229,0.0360417662337662,0.0180691065934066,-0.0191557392607393
26230,0.0388705662337662,0.0207713065934066,-0.0235219392607393
26231,0.0374561662337662,0.0180691065934066,-0.0278881392607393
26232,0.0367489662337662,0.0153669065934066,-0.0278881392607393
26233,0.0310913662337662,0.0072603065934066,-0.0235219392607393
26234,0.0233121662337662,0.000504806593406593,-0.0162449392607393
26235,0.0148257662337662,-0.0089528934065934,-0.00896793926073926
26236,0.00421776623376623,-0.0211127934065934,0.00121986073926074
26237,-0.00568303376623376,-0.0305704934065934,0.00849686073926074
26238,-0.0120478337662338,-0.0400281934065934,0.0143184607392607
26239,-0.0169982337662338,-0.0427303934065934,0.0186846607392607
26240,-0.0198270337662338,-0.0467836934065934,0.0215954607392607
26241,-0.0205342337662338,-0.0494858934065934,0.0201400607392607
26242,-0.0191198337662338,-0.0508369934065934,0.0157738607392607
26243,-0.0177054337662338,-0.0494858934065934,0.0128630607392607
26244,-0.0155838337662338,-0.0467836934065934,0.0128630607392607
26245,-0.0141694337662338,-0.0481347934065934,0.00704146073926074
26246,-0.0113406337662338,-0.0440814934065934,0.00558606073926074
26247,-0.00709743376623376,-0.0427303934065934,-0.00169093926073926
26248,-0.000732633766233767,-0.0359748934065934,-0.00751253926073926
26249,0.00280336623376624,-0.0346237934065934,-0.0104233392607393
26250,0.00633936623376623,-0.0292193934065934,-0.0118787392607393
26251,0.00987536623376623,-0.0278682934065934,-0.0147895392607393
26252,0.0119969662337662,-0.0278682934065934,-0.0162449392607393
26253,0.0119969662337662,-0.0265171934065934,-0.0147895392607393
26254,0.00987536623376623,-0.0265171934065934,-0.0147895392607393
26255,0.0105825662337662,-0.0251660934065934,-0.0177003392607393
26256,0.0119969662337662,-0.0265171934065934,-0.0177003392607393
26257,0.0112897662337662,-0.0265171934065934,-0.0206111392607393
26258,0.0119969662337662,-0.0265171934065934,-0.0191557392607393
26259,0.00916816623376623,-0.0251660934065934,-0.0206111392607393
26260,0.00704656623376623,-0.0238149934065934,-0.0191557392607393
26261,0.00633936623376623,-0.0238149934065934,-0.0191557392607393
26262,0.00563216623376623,-0.0197616934065934,-0.0177003392607393
26263,0.00280336623376624,-0.0224638934065934,-0.0147895392607393
26264,0.000681766233766236,-0.0265171934065934,-0.0118787392607393
26265,-0.00356143376623377,-0.0305704934065934,-0.0104233392607393
26266,-0.00639023376623377,-0.0319215934065934,-0.00314633926073926
26267,-0.00992623376623377,-0.0305704934065934,0.00121986073926074
26268,-0.0127550337662338,-0.0359748934065934,0.00413066073926074
26269,-0.0162910337662338,-0.0373259934065934,0.00558606073926074
26270,-0.0191198337662338,-0.0400281934065934,0.00849686073926074
26271,-0.0205342337662338,-0.0454325934065934,0.00849686073926074
26272,-0.0198270337662338,-0.0467836934065934,0.00995226073926074
26273,-0.0212414337662338,-0.0454325934065934,0.00995226073926074
26274,-0.0184126337662338,-0.0386770934065934,0.00704146073926074
26275,-0.0120478337662338,-0.0319215934065934,0.00121986073926074
26276,-0.00285423376623377,-0.0238149934065934,-0.00605713926073926
26277,0.00563216623376623,-0.0130061934065934,-0.0206111392607393
26278,0.0162401662337662,-0.00219739340659341,-0.0322543392607393
26279,0.0233121662337662,0.0072603065934066,-0.0395313392607393
26280,0.0289697662337662,0.0113136065934066,-0.0453529392607393
26281,0.0346273662337662,0.0167180065934066,-0.0482637392607393
26282,0.0374561662337662,0.0180691065934066,-0.0511745392607393
26283,0.0353345662337662,0.0180691065934066,-0.0511745392607393
26284,0.0346273662337662,0.0180691065934066,-0.0511745392607393
26285,0.0346273662337662,0.0167180065934066,-0.0482637392607393
26286,0.0332129662337662,0.0140158065934066,-0.0453529392607393
26287,0.0325057662337662,0.0140158065934066,-0.0424421392607393
26288,0.0289697662337662,0.0086114065934066,-0.0409867392607393
26289,0.0275553662337662,0.0072603065934066,-0.0366205392607393
26290,0.0233121662337662,0.00455810659340659,-0.0293435392607393
26291,0.0211905662337662,-0.000846293406593406,-0.0249773392607393
26292,0.0183617662337662,-0.00219739340659341,-0.0235219392607393
26293,0.0162401662337662,-0.0062506934065934,-0.0191557392607393
26294,0.0155329662337662,-0.0089528934065934,-0.0177003392607393
26295,0.0155329662337662,-0.0089528934065934,-0.0162449392607393
26296,0.0155329662337662,-0.0116550934065934,-0.0147895392607393
26297,0.0134113662337662,-0.0103039934065934,-0.0177003392607393
26298,0.0134113662337662,-0.0130061934065934,-0.0147895392607393
26299,0.0134113662337662,-0.0116550934065934,-0.0147895392607393
26300,0.0148257662337662,-0.0130061934065934,-0.0147895392607393
26301,0.0127041662337662,-0.0143572934065934,-0.0133341392607393
26302,0.0127041662337662,-0.0130061934065934,-0.0118787392607393
26303,0.0119969662337662,-0.0116550934065934,-0.0162449392607393
26304,0.0127041662337662,-0.0103039934065934,-0.0191557392607393
26305,0.0141185662337662,-0.0089528934065934,-0.0249773392607393
26306,0.0134113662337662,-0.00489959340659341,-0.0264327392607393
26307,0.0169473662337662,-0.000846293406593406,-0.0278881392607393
26308,0.0197761662337662,0.00320700659340659,-0.0307989392607393
26309,0.0218977662337662,0.0086114065934066,-0.0351651392607393
26310,0.0226049662337662,0.0086114065934066,-0.0366205392607393
26311,0.0282625662337662,0.0113136065934066,-0.0380759392607393
26312,0.0282625662337662,0.0153669065934066,-0.0453529392607393
26313,0.0303841662337662,0.0180691065934066,-0.0453529392607393
26314,0.0296769662337662,0.0180691065934066,-0.0453529392607393
26315,0.0275553662337662,0.0167180065934066,-0.0453529392607393
26316,0.0218977662337662,0.0086114065934066,-0.0409867392607393
26317,0.0183617662337662,0.000504806593406593,-0.0366205392607393
26318,0.00846096623376623,-0.0103039934065934,-0.0249773392607393
26319,-2.54337662337692e-05,-0.0211127934065934,-0.0147895392607393
26320,-0.00709743376623376,-0.0305704934065934,-0.00605713926073926
26321,-0.0120478337662338,-0.0400281934065934,0.00121986073926074
26322,-0.0191198337662338,-0.0440814934065934,0.00413066073926074
26323,-0.0205342337662338,-0.0494858934065934,0.00413066073926074
26324,-0.0205342337662338,-0.0508369934065934,0.00558606073926074
26325,-0.0184126337662338,-0.0535391934065934,0.00121986073926074
26326,-0.0184126337662338,-0.0508369934065934,0.00267526073926074
26327,-0.0184126337662338,-0.0508369934065934,-0.000235539260739261
26328,-0.0169982337662338,-0.0521880934065934,-0.00605713926073926
26329,-0.0148766337662338,-0.0467836934065934,-0.0133341392607393
26330,-0.0127550337662338,-0.0440814934065934,-0.0206111392607393
26331,-0.0120478337662338,-0.0400281934065934,-0.0249773392607393
26332,-0.00780463376623377,-0.0359748934065934,-0.0293435392607393
26333,-0.00709743376623376,-0.0319215934065934,-0.0307989392607393
26334,-0.00709743376623376,-0.0251660934065934,-0.0366205392607393
26335,-0.00639023376623377,-0.0238149934065934,-0.0351651392607393
26336,-0.00709743376623376,-0.0197616934065934,-0.0351651392607393
26337,-0.00709743376623376,-0.0197616934065934,-0.0366205392607393
26338,-0.00639023376623377,-0.0197616934065934,-0.0366205392607393
26339,-0.00639023376623377,-0.0184105934065934,-0.0351651392607393
26340,-0.00851183376623376,-0.0211127934065934,-0.0380759392607393
26341,-0.00992623376623377,-0.0224638934065934,-0.0351651392607393
26342,-0.00992623376623377,-0.0211127934065934,-0.0366205392607393
26343,-0.0106334337662338,-0.0238149934065934,-0.0351651392607393
26344,-0.00992623376623377,-0.0224638934065934,-0.0322543392607393
26345,-0.00921903376623377,-0.0224638934065934,-0.0307989392607393
26346,-0.0106334337662338,-0.0251660934065934,-0.0264327392607393
26347,-0.0113406337662338,-0.0278682934065934,-0.0220665392607393
26348,-0.0127550337662338,-0.0292193934065934,-0.0206111392607393
26349,-0.0148766337662338,-0.0346237934065934,-0.0162449392607393
26350,-0.0177054337662338,-0.0346237934065934,-0.0118787392607393
26351,-0.0226558337662338,-0.0359748934065934,-0.00896793926073926
26352,-0.0226558337662338,-0.0400281934065934,-0.00460173926073926
26353,-0.0261918337662338,-0.0413792934065934,-0.00314633926073926
26354,-0.0297278337662338,-0.0400281934065934,0.00121986073926074
26355,-0.0318494337662338,-0.0427303934065934,0.00121986073926074
26356,-0.0311422337662338,-0.0413792934065934,-0.00169093926073926
26357,-0.0297278337662338,-0.0359748934065934,-0.00460173926073926
26358,-0.0233630337662338,-0.0305704934065934,-0.00896793926073926
26359,-0.0184126337662338,-0.0224638934065934,-0.0191557392607393
26360,-0.00709743376623376,-0.0103039934065934,-0.0322543392607393
26361,0.00138896623376623,0.00185590659340659,-0.0424421392607393
26362,0.0119969662337662,0.0099625065934066,-0.0540853392607393
26363,0.0176545662337662,0.0194202065934066,-0.0613623392607393
26364,0.0247265662337662,0.0221224065934066,-0.0657285392607393
26365,0.0275553662337662,0.0234735065934066,-0.0671839392607393
26366,0.0310913662337662,0.0248246065934066,-0.0715501392607392
26367,0.0332129662337662,0.0248246065934066,-0.0686393392607393
26368,0.0346273662337662,0.0234735065934066,-0.0671839392607393
26369,0.0317985662337662,0.0234735065934066,-0.0613623392607393
26370,0.0317985662337662,0.0207713065934066,-0.0569961392607393
26371,0.0303841662337662,0.0167180065934066,-0.0540853392607393
26372,0.0296769662337662,0.0140158065934066,-0.0497191392607393
26373,0.0275553662337662,0.0086114065934066,-0.0453529392607393
26374,0.0233121662337662,0.00455810659340659,-0.0380759392607393
26375,0.0218977662337662,0.00320700659340659,-0.0322543392607393
26376,0.0190689662337662,0.00185590659340659,-0.0293435392607393
26377,0.0176545662337662,-0.000846293406593406,-0.0278881392607393
26378,0.0155329662337662,0.000504806593406593,-0.0293435392607393
26379,0.0155329662337662,-0.00219739340659341,-0.0278881392607393
26380,0.0155329662337662,-0.000846293406593406,-0.0249773392607393
26381,0.0148257662337662,0.000504806593406593,-0.0206111392607393
26382,0.0141185662337662,-0.00219739340659341,-0.0206111392607393
26383,0.0127041662337662,-0.000846293406593406,-0.0191557392607393
26384,0.0105825662337662,-0.000846293406593406,-0.0147895392607393
26385,0.0119969662337662,-0.000846293406593406,-0.0147895392607393
26386,0.0119969662337662,-0.00219739340659341,-0.0147895392607393
26387,0.0134113662337662,-0.00219739340659341,-0.0147895392607393
26388,0.0141185662337662,-0.00219739340659341,-0.0177003392607393
26389,0.0176545662337662,0.00185590659340659,-0.0177003392607393
26390,0.0204833662337662,0.00455810659340659,-0.0235219392607393
26391,0.0240193662337662,0.00455810659340659,-0.0278881392607393
26392,0.0261409662337662,0.0072603065934066,-0.0293435392607393
26393,0.0317985662337662,0.0113136065934066,-0.0307989392607393
26394,0.0353345662337662,0.0113136065934066,-0.0322543392607393
26395,0.0395777662337662,0.0153669065934066,-0.0380759392607393
26396,0.0424065662337662,0.0167180065934066,-0.0409867392607393
26397,0.0424065662337662,0.0194202065934066,-0.0453529392607393
26398,0.0395777662337662,0.0153669065934066,-0.0468083392607393
26399,0.0346273662337662,0.0153669065934066,-0.0453529392607393
26400,0.0296769662337662,0.0099625065934066,-0.0424421392607393
26401,0.0226049662337662,0.00455810659340659,-0.0395313392607393
26402,0.0155329662337662,-0.00354849340659341,-0.0322543392607393
26403,0.00492496623376624,-0.0130061934065934,-0.0235219392607393
26404,-0.00356143376623377,-0.0211127934065934,-0.0191557392607393
26405,-0.0134622337662338,-0.0265171934065934,-0.0162449392607393
26406,-0.0212414337662338,-0.0305704934065934,-0.0177003392607393
26407,-0.0240702337662338,-0.0386770934065934,-0.0395313392607393
26408,-0.0261918337662338,-0.0400281934065934,-0.0569961392607393
26409,-0.0240702337662338,-0.0278682934065934,-0.0671839392607393
26410,-0.0191198337662338,-0.0157083934065934,-0.0744609392607393
26411,-0.0127550337662338,-0.0184105934065934,-0.0686393392607393
26412,-0.0127550337662338,-0.0251660934065934,-0.0642731392607393
26413,-0.00639023376623377,-0.0305704934065934,-0.0599069392607393
26414,0.00704656623376623,-0.0386770934065934,-0.0424421392607393
26415,0.0105825662337662,-0.0535391934065934,-0.0235219392607393
26416,0.00704656623376623,-0.0656990934065934,-0.00896793926073926
26417,0.00846096623376623,-0.0765078934065934,0.00704146073926074
26418,0.0218977662337662,-0.0846144934065934,0.0245062607392607
26419,0.0261409662337662,-0.0846144934065934,0.0376048607392607
26420,0.0254337662337662,-0.0792100934065934,0.0492480607392607
26421,0.0289697662337662,-0.0656990934065934,0.0565250607392607
26422,0.0303841662337662,-0.0481347934065934,0.0623466607392607
26423,0.0204833662337662,-0.0278682934065934,0.0681682607392607
26424,0.00633936623376623,-0.0089528934065934,0.0667128607392607
26425,-0.00639023376623377,0.0113136065934066,0.0594358607392607
26426,-0.0184126337662338,0.0261757065934066,0.0492480607392607
26427,-0.0254846337662338,0.0342823065934066,0.0346940607392607
26428,-0.0247774337662338,0.0396867065934066,0.0128630607392607
26429,-0.0226558337662338,0.0369845065934066,-0.000235539260739261
26430,-0.0276062337662338,0.0275268065934066,-0.0220665392607393
26431,-0.0318494337662338,0.0153669065934066,-0.0380759392607393
26432,-0.0332638337662338,0.000504806593406593,-0.0468083392607393
26433,-0.0318494337662338,-0.0130061934065934,-0.0613623392607393
26434,-0.0276062337662338,-0.0278682934065934,-0.0686393392607393
26435,-0.0191198337662338,-0.0400281934065934,-0.0744609392607393
26436,-0.00497583376623377,-0.0508369934065934,-0.0759163392607393
26437,0.00492496623376624,-0.0589435934065934,-0.0730055392607393
26438,0.0127041662337662,-0.0643479934065934,-0.0628177392607393
26439,0.0155329662337662,-0.0656990934065934,-0.0555407392607393
26440,0.0155329662337662,-0.0670501934065934,-0.0482637392607393
26441,0.0134113662337662,-0.0670501934065934,-0.0409867392607393
26442,0.0176545662337662,-0.0616457934065934,-0.0351651392607393
26443,0.0233121662337662,-0.0521880934065934,-0.0293435392607393
26444,0.0289697662337662,-0.0386770934065934,-0.0322543392607393
26445,0.0317985662337662,-0.0238149934065934,-0.0337097392607393
26446,0.0282625662337662,-0.0103039934065934,-0.0322543392607393
26447,0.0204833662337662,0.00455810659340659,-0.0307989392607393
26448,0.0119969662337662,0.0221224065934066,-0.0293435392607393
26449,0.00775376623376623,0.0369845065934066,-0.0278881392607393
26450,0.00633936623376623,0.0531977065934066,-0.0307989392607393
26451,0.00775376623376623,0.0680598065934066,-0.0293435392607393
26452,0.00704656623376623,0.0761664065934066,-0.0322543392607393
26453,0.0105825662337662,0.0815708065934066,-0.0322543392607393
26454,0.0119969662337662,0.0815708065934066,-0.0307989392607393
26455,0.0141185662337662,0.0721131065934066,-0.0307989392607393
26456,0.0148257662337662,0.0545488065934066,-0.0337097392607393
26457,0.0183617662337662,0.0342823065934066,-0.0322543392607393
26458,0.0233121662337662,0.0126647065934066,-0.0337097392607393
26459,0.0303841662337662,-0.0103039934065934,-0.0366205392607393
26460,0.0402849662337662,-0.0305704934065934,-0.0366205392607393
26461,0.0416993662337662,-0.0440814934065934,-0.0380759392607393
26462,0.0409921662337662,-0.0521880934065934,-0.0409867392607393
26463,0.0402849662337662,-0.0548902934065934,-0.0395313392607393
26464,0.0381633662337662,-0.0521880934065934,-0.0395313392607393
26465,0.0388705662337662,-0.0454325934065934,-0.0366205392607393
26466,0.0395777662337662,-0.0346237934065934,-0.0351651392607393
26467,0.0360417662337662,-0.0251660934065934,-0.0307989392607393
26468,0.0303841662337662,-0.0130061934065934,-0.0249773392607393
26469,0.0254337662337662,-0.00219739340659341,-0.0220665392607393
26470,0.0197761662337662,0.0072603065934066,-0.0191557392607393
26471,0.0155329662337662,0.0153669065934066,-0.0133341392607393
26472,0.00916816623376623,0.0221224065934066,-0.0118787392607393
26473,0.00775376623376623,0.0261757065934066,-0.0118787392607393
26474,0.00633936623376623,0.0288779065934066,-0.0118787392607393
26475,0.0105825662337662,0.0315801065934066,-0.0147895392607393
26476,0.0127041662337662,0.0369845065934066,-0.0177003392607393
26477,0.0119969662337662,0.0410378065934066,-0.0191557392607393
26478,0.0127041662337662,0.0464422065934066,-0.0206111392607393
26479,0.0162401662337662,0.0464422065934066,-0.0235219392607393
26480,0.0233121662337662,0.0437400065934066,-0.0249773392607393
26481,0.0296769662337662,0.0369845065934066,-0.0249773392607393
26482,0.0339201662337662,0.0288779065934066,-0.0249773392607393
26483,0.0346273662337662,0.0126647065934066,-0.0264327392607393
26484,0.0303841662337662,-0.0062506934065934,-0.0220665392607393
26485,0.0254337662337662,-0.0278682934065934,-0.0191557392607393
26486,0.0204833662337662,-0.0521880934065934,-0.0133341392607393
26487,0.0155329662337662,-0.0697523934065934,-0.0104233392607393
26488,0.0127041662337662,-0.0805611934065934,-0.0147895392607393
26489,0.0105825662337662,-0.0859655934065934,-0.0147895392607393
26490,0.0105825662337662,-0.0846144934065934,-0.0191557392607393
26491,0.00563216623376623,-0.0751567934065934,-0.0220665392607393
26492,-2.54337662337692e-05,-0.0616457934065934,-0.0278881392607393
26493,-0.00780463376623377,-0.0454325934065934,-0.0322543392607393
26494,-0.0155838337662338,-0.0292193934065934,-0.0322543392607393
26495,-0.0169982337662338,-0.0170594934065934,-0.0337097392607393
26496,-0.0169982337662338,-0.00354849340659341,-0.0337097392607393
26497,-0.0184126337662338,0.00320700659340659,-0.0307989392607393
26498,-0.0219486337662338,0.00590920659340659,-0.0307989392607393
26499,-0.0233630337662338,0.00320700659340659,-0.0278881392607393
26500,-0.0247774337662338,-0.00354849340659341,-0.0249773392607393
26501,-0.0226558337662338,-0.0089528934065934,-0.0191557392607393
26502,-0.0162910337662338,-0.0197616934065934,-0.0133341392607393
26503,-0.00992623376623377,-0.0305704934065934,-0.0118787392607393
26504,-2.54337662337692e-05,-0.0359748934065934,-0.00751253926073926
26505,0.00704656623376623,-0.0413792934065934,-0.00751253926073926
26506,0.0127041662337662,-0.0440814934065934,-0.00605713926073926
26507,0.0190689662337662,-0.0427303934065934,-0.0104233392607393
26508,0.0204833662337662,-0.0413792934065934,-0.0104233392607393
26509,0.0233121662337662,-0.0386770934065934,-0.0147895392607393
26510,0.0254337662337662,-0.0332726934065934,-0.0206111392607393
26511,0.0240193662337662,-0.0292193934065934,-0.0264327392607393
26512,0.0190689662337662,-0.0319215934065934,-0.0337097392607393
26513,0.0141185662337662,-0.0305704934065934,-0.0395313392607393
26514,0.00280336623376624,-0.0359748934065934,-0.0438975392607393
26515,-0.00992623376623377,-0.0359748934065934,-0.0482637392607393
26516,-0.0205342337662338,-0.0386770934065934,-0.0526299392607393
26517,-0.0283134337662338,-0.0373259934065934,-0.0526299392607393
26518,-0.0353854337662338,-0.0373259934065934,-0.0569961392607393
26519,-0.0382142337662338,-0.0332726934065934,-0.0526299392607393
26520,-0.0424574337662338,-0.0305704934065934,-0.0497191392607393
26521,-0.0445790337662338,-0.0251660934065934,-0.0468083392607393
26522,-0.0410430337662338,-0.0211127934065934,-0.0395313392607393
26523,-0.0353854337662338,-0.0130061934065934,-0.0351651392607393
26524,-0.0283134337662338,-0.0103039934065934,-0.0322543392607393
26525,-0.0184126337662338,-0.0116550934065934,-0.0264327392607393
26526,-0.00426863376623377,-0.0089528934065934,-0.0249773392607393
26527,0.0127041662337662,-0.00760179340659341,-0.0278881392607393
26528,0.0233121662337662,-0.0089528934065934,-0.0278881392607393
26529,0.0353345662337662,-0.0103039934065934,-0.0293435392607393
26530,0.0402849662337662,-0.0157083934065934,-0.0264327392607393
26531,0.0438209662337662,-0.0211127934065934,-0.0235219392607393
26532,0.0487713662337662,-0.0211127934065934,-0.0249773392607393
26533,0.0494785662337662,-0.0211127934065934,-0.0293435392607393
26534,0.0487713662337662,-0.0157083934065934,-0.0264327392607393
26535,0.0445281662337662,-0.0089528934065934,-0.0293435392607393
26536,0.0374561662337662,0.000504806593406593,-0.0322543392607393
26537,0.0325057662337662,0.0153669065934066,-0.0366205392607393
26538,0.0275553662337662,0.0275268065934066,-0.0409867392607393
26539,0.0233121662337662,0.0329312065934066,-0.0453529392607393
26540,0.0197761662337662,0.0369845065934066,-0.0482637392607393
26541,0.0176545662337662,0.0342823065934066,-0.0511745392607393
26542,0.0141185662337662,0.0329312065934066,-0.0511745392607393
26543,0.00987536623376623,0.0261757065934066,-0.0555407392607393
26544,0.00846096623376623,0.0180691065934066,-0.0555407392607393
26545,0.00633936623376623,0.0099625065934066,-0.0569961392607393
26546,0.00633936623376623,0.00185590659340659,-0.0511745392607393
26547,0.00916816623376623,-0.00219739340659341,-0.0482637392607393
26548,0.0148257662337662,-0.0062506934065934,-0.0438975392607393
26549,0.0211905662337662,-0.0116550934065934,-0.0351651392607393
26550,0.0233121662337662,-0.0130061934065934,-0.0307989392607393
26551,0.0261409662337662,-0.0143572934065934,-0.0206111392607393
26552,0.0268481662337662,-0.0143572934065934,-0.0147895392607393
26553,0.0289697662337662,-0.0157083934065934,-0.00896793926073926
26554,0.0317985662337662,-0.0143572934065934,-0.00169093926073926
26555,0.0360417662337662,-0.0130061934065934,0.00413066073926074
26556,0.0388705662337662,-0.0130061934065934,0.00413066073926074
26557,0.0381633662337662,-0.0116550934065934,0.00558606073926074
26558,0.0381633662337662,-0.0062506934065934,0.00413066073926074
26559,0.0353345662337662,-0.00219739340659341,0.00267526073926074
26560,0.0325057662337662,0.0086114065934066,-0.00169093926073926
26561,0.0346273662337662,0.0153669065934066,-0.00460173926073926
26562,0.0346273662337662,0.0261757065934066,-0.0118787392607393
26563,0.0325057662337662,0.0369845065934066,-0.0191557392607393
26564,0.0317985662337662,0.0437400065934066,-0.0249773392607393
26565,0.0268481662337662,0.0491444065934066,-0.0322543392607393
26566,0.0226049662337662,0.0491444065934066,-0.0337097392607393
26567,0.0176545662337662,0.0410378065934066,-0.0307989392607393
26568,0.00987536623376623,0.0288779065934066,-0.0278881392607393
26569,0.00421776623376623,0.0099625065934066,-0.0249773392607393
26570,0.00138896623376623,-0.0103039934065934,-0.0177003392607393
26571,-0.00143983376623377,-0.0292193934065934,-0.0104233392607393
26572,-0.000732633766233767,-0.0467836934065934,-0.00605713926073926
26573,-0.00214703376623377,-0.0602946934065934,-0.00460173926073926
26574,0.00138896623376623,-0.0697523934065934,-0.00314633926073926
26575,0.00351056623376624,-0.0751567934065934,-0.000235539260739261
26576,0.00775376623376623,-0.0751567934065934,-0.00314633926073926
26577,0.0127041662337662,-0.0697523934065934,-0.000235539260739261
26578,0.0112897662337662,-0.0629968934065934,-0.000235539260739261
26579,0.0134113662337662,-0.0535391934065934,-0.00314633926073926
26580,0.00775376623376623,-0.0413792934065934,-0.00314633926073926
26581,0.00351056623376624,-0.0305704934065934,-0.00605713926073926
26582,-0.00214703376623377,-0.0197616934065934,-0.00751253926073926
26583,-0.00497583376623377,-0.0143572934065934,-0.0104233392607393
26584,-0.0106334337662338,-0.00760179340659341,-0.00896793926073926
26585,-0.0141694337662338,-0.0062506934065934,-0.0104233392607393
26586,-0.0169982337662338,-0.00489959340659341,-0.0147895392607393
26587,-0.0205342337662338,-0.0062506934065934,-0.0177003392607393
26588,-0.0226558337662338,-0.0062506934065934,-0.0220665392607393
26589,-0.0226558337662338,-0.0089528934065934,-0.0220665392607393
26590,-0.0177054337662338,-0.0089528934065934,-0.0235219392607393
26591,-0.0127550337662338,-0.0130061934065934,-0.0293435392607393
26592,-0.00639023376623377,-0.0089528934065934,-0.0307989392607393
26593,0.00138896623376623,-0.0116550934065934,-0.0307989392607393
26594,0.00704656623376623,-0.0157083934065934,-0.0351651392607393
26595,0.0105825662337662,-0.0184105934065934,-0.0380759392607393
26596,0.0148257662337662,-0.0251660934065934,-0.0409867392607393
26597,0.0141185662337662,-0.0332726934065934,-0.0395313392607393
26598,0.0155329662337662,-0.0413792934065934,-0.0351651392607393
26599,0.0119969662337662,-0.0494858934065934,-0.0337097392607393
26600,0.00775376623376623,-0.0602946934065934,-0.0293435392607393
26601,-2.54337662337692e-05,-0.0629968934065934,-0.0249773392607393
26602,-0.00709743376623376,-0.0684012934065934,-0.0206111392607393
26603,-0.0169982337662338,-0.0684012934065934,-0.0162449392607393
26604,-0.0276062337662338,-0.0602946934065934,-0.00896793926073926
26605,-0.0325566337662338,-0.0521880934065934,-0.00169093926073926
26606,-0.0367998337662338,-0.0413792934065934,-0.00169093926073926
26607,-0.0339710337662338,-0.0265171934065934,-0.000235539260739261
26608,-0.0318494337662338,-0.0103039934065934,-0.00460173926073926
26609,-0.0254846337662338,0.0072603065934066,-0.00896793926073926
26610,-0.0148766337662338,0.0234735065934066,-0.0206111392607393
26611,-0.00639023376623377,0.0356334065934066,-0.0307989392607393
26612,0.00563216623376623,0.0410378065934066,-0.0380759392607393
26613,0.0155329662337662,0.0410378065934066,-0.0409867392607393
26614,0.0233121662337662,0.0356334065934066,-0.0438975392607393
26615,0.0310913662337662,0.0275268065934066,-0.0453529392607393
26616,0.0317985662337662,0.0194202065934066,-0.0453529392607393
26617,0.0346273662337662,0.0099625065934066,-0.0453529392607393
26618,0.0339201662337662,0.00320700659340659,-0.0453529392607393
26619,0.0360417662337662,-0.00219739340659341,-0.0468083392607393
26620,0.0353345662337662,-0.00354849340659341,-0.0468083392607393
26621,0.0346273662337662,-0.00489959340659341,-0.0453529392607393
26622,0.0317985662337662,-0.0062506934065934,-0.0424421392607393
26623,0.0310913662337662,-0.0062506934065934,-0.0409867392607393
26624,0.0247265662337662,-0.00354849340659341,-0.0409867392607393
26625,0.0197761662337662,-0.00219739340659341,-0.0395313392607393
26626,0.0134113662337662,-0.000846293406593406,-0.0424421392607393
26627,0.00987536623376623,-0.00219739340659341,-0.0409867392607393
26628,0.00846096623376623,0.000504806593406593,-0.0380759392607393
26629,0.00775376623376623,0.00185590659340659,-0.0322543392607393
26630,0.00351056623376624,0.00455810659340659,-0.0293435392607393
26631,-2.54337662337692e-05,0.0072603065934066,-0.0249773392607393
26632,-0.00497583376623377,0.0113136065934066,-0.0177003392607393
26633,-0.00568303376623376,0.0167180065934066,-0.00896793926073926
26634,-0.00639023376623377,0.0167180065934066,-0.00314633926073926
26635,-0.00639023376623377,0.0207713065934066,0.00558606073926074
26636,-0.00356143376623377,0.0194202065934066,0.0128630607392607
26637,0.00138896623376623,0.0207713065934066,0.0143184607392607
26638,0.00775376623376623,0.0194202065934066,0.0157738607392607
26639,0.0119969662337662,0.0140158065934066,0.0172292607392607
26640,0.0183617662337662,0.0126647065934066,0.0143184607392607
26641,0.0218977662337662,0.0099625065934066,0.0114076607392607
26642,0.0310913662337662,0.00320700659340659,0.00704146073926074
26643,0.0388705662337662,0.000504806593406593,-0.00169093926073926
26644,0.0424065662337662,0.000504806593406593,-0.00896793926073926
26645,0.0480641662337662,0.000504806593406593,-0.0162449392607393
26646,0.0494785662337662,0.00455810659340659,-0.0235219392607393
26647,0.0480641662337662,0.0086114065934066,-0.0293435392607393
26648,0.0438209662337662,0.0113136065934066,-0.0351651392607393
26649,0.0353345662337662,0.0167180065934066,-0.0351651392607393
26650,0.0275553662337662,0.0194202065934066,-0.0337097392607393
26651,0.0176545662337662,0.0153669065934066,-0.0278881392607393
26652,0.00351056623376624,0.0099625065934066,-0.0220665392607393
26653,-0.00851183376623376,0.00320700659340659,-0.0177003392607393
26654,-0.0198270337662338,-0.00354849340659341,-0.0118787392607393
26655,-0.0261918337662338,-0.0103039934065934,-0.00896793926073926
26656,-0.0311422337662338,-0.0157083934065934,-0.00169093926073926
26657,-0.0311422337662338,-0.0238149934065934,0.00121986073926074
26658,-0.0283134337662338,-0.0305704934065934,0.00267526073926074
26659,-0.0212414337662338,-0.0373259934065934,0.00558606073926074
26660,-0.0155838337662338,-0.0427303934065934,0.00704146073926074
26661,-0.00992623376623377,-0.0454325934065934,0.0114076607392607
26662,-0.00497583376623377,-0.0467836934065934,0.0128630607392607
26663,-0.00143983376623377,-0.0454325934065934,0.0114076607392607
26664,0.00704656623376623,-0.0427303934065934,0.0114076607392607
26665,0.0119969662337662,-0.0413792934065934,0.0114076607392607
26666,0.0162401662337662,-0.0386770934065934,0.0114076607392607
26667,0.0155329662337662,-0.0346237934065934,0.00995226073926074
26668,0.0148257662337662,-0.0319215934065934,0.00704146073926074
26669,0.0105825662337662,-0.0265171934065934,0.00267526073926074
26670,0.00704656623376623,-0.0265171934065934,-0.00314633926073926
26671,0.00351056623376624,-0.0251660934065934,-0.00896793926073926
26672,-0.00143983376623377,-0.0238149934065934,-0.0104233392607393
26673,-0.00497583376623377,-0.0170594934065934,-0.0147895392607393
26674,-0.00921903376623377,-0.0116550934065934,-0.0220665392607393
26675,-0.0106334337662338,-0.0089528934065934,-0.0264327392607393
26676,-0.0106334337662338,-0.00354849340659341,-0.0293435392607393
26677,-0.0127550337662338,0.00185590659340659,-0.0293435392607393
26678,-0.0127550337662338,0.00590920659340659,-0.0322543392607393
26679,-0.0106334337662338,0.00590920659340659,-0.0307989392607393
26680,-0.00709743376623376,0.00320700659340659,-0.0278881392607393
26681,-0.00497583376623377,-0.00219739340659341,-0.0235219392607393
26682,-0.00780463376623377,-0.0062506934065934,-0.0220665392607393
26683,-0.00497583376623377,-0.0184105934065934,-0.0177003392607393
26684,-0.00639023376623377,-0.0278682934065934,-0.0133341392607393
26685,-0.00780463376623377,-0.0373259934065934,-0.00605713926073926
26686,-0.00851183376623376,-0.0494858934065934,0.00121986073926074
26687,-0.00992623376623377,-0.0562413934065934,0.00704146073926074
26688,-0.00992623376623377,-0.0602946934065934,0.0114076607392607
26689,-0.00851183376623376,-0.0616457934065934,0.0143184607392607
26690,-0.00992623376623377,-0.0602946934065934,0.0128630607392607
26691,-0.00780463376623377,-0.0494858934065934,0.0114076607392607
26692,-0.00639023376623377,-0.0346237934065934,0.00558606073926074
26693,0.00138896623376623,-0.0184105934065934,-0.00896793926073926
26694,0.00704656623376623,0.000504806593406593,-0.0177003392607393
26695,0.0155329662337662,0.0167180065934066,-0.0249773392607393
26696,0.0204833662337662,0.0288779065934066,-0.0337097392607393
26697,0.0282625662337662,0.0383356065934066,-0.0424421392607393
26698,0.0275553662337662,0.0437400065934066,-0.0482637392607393
26699,0.0303841662337662,0.0450911065934066,-0.0511745392607393
26700,0.0296769662337662,0.0450911065934066,-0.0555407392607393
26701,0.0289697662337662,0.0437400065934066,-0.0555407392607393
26702,0.0289697662337662,0.0396867065934066,-0.0526299392607393
26703,0.0296769662337662,0.0342823065934066,-0.0497191392607393
26704,0.0303841662337662,0.0288779065934066,-0.0468083392607393
26705,0.0282625662337662,0.0221224065934066,-0.0409867392607393
26706,0.0261409662337662,0.0140158065934066,-0.0351651392607393
26707,0.0254337662337662,0.0072603065934066,-0.0293435392607393
26708,0.0254337662337662,0.00320700659340659,-0.0249773392607393
26709,0.0240193662337662,-0.0062506934065934,-0.0220665392607393
26710,0.0247265662337662,-0.0089528934065934,-0.0191557392607393
26711,0.0247265662337662,-0.0116550934065934,-0.0118787392607393
26712,0.0240193662337662,-0.0170594934065934,-0.0118787392607393
26713,0.0233121662337662,-0.0184105934065934,-0.00460173926073926
26714,0.0218977662337662,-0.0170594934065934,-0.00460173926073926
26715,0.0197761662337662,-0.0143572934065934,-0.00314633926073926
26716,0.0162401662337662,-0.0089528934065934,-0.00314633926073926
26717,0.0141185662337662,-0.0062506934065934,-0.00169093926073926
26718,0.0119969662337662,0.000504806593406593,0.00121986073926074
26719,0.00846096623376623,0.0086114065934066,-0.00169093926073926
26720,0.00421776623376623,0.0153669065934066,-0.00314633926073926
26721,0.00209616623376623,0.0207713065934066,-0.00460173926073926
26722,0.00563216623376623,0.0275268065934066,-0.00460173926073926
26723,0.00633936623376623,0.0342823065934066,-0.00460173926073926
26724,0.00987536623376623,0.0369845065934066,-0.00896793926073926
26725,0.0141185662337662,0.0369845065934066,-0.0147895392607393
26726,0.0162401662337662,0.0383356065934066,-0.0177003392607393
26727,0.0226049662337662,0.0329312065934066,-0.0220665392607393
26728,0.0289697662337662,0.0315801065934066,-0.0278881392607393
26729,0.0325057662337662,0.0288779065934066,-0.0307989392607393
26730,0.0374561662337662,0.0221224065934066,-0.0322543392607393
26731,0.0431137662337662,0.0153669065934066,-0.0337097392607393
26732,0.0438209662337662,0.0126647065934066,-0.0337097392607393
26733,0.0416993662337662,0.00320700659340659,-0.0264327392607393
26734,0.0346273662337662,-0.00354849340659341,-0.0191557392607393
26735,0.0240193662337662,-0.0143572934065934,-0.00896793926073926
26736,0.0127041662337662,-0.0251660934065934,0.00121986073926074
26737,0.00280336623376624,-0.0292193934065934,0.0114076607392607
26738,-0.00639023376623377,-0.0319215934065934,0.0172292607392607
26739,-0.0141694337662338,-0.0346237934065934,0.0201400607392607
26740,-0.0212414337662338,-0.0332726934065934,0.0215954607392607
26741,-0.0254846337662338,-0.0305704934065934,0.0230508607392607
26742,-0.0276062337662338,-0.0305704934065934,0.0215954607392607
26743,-0.0290206337662338,-0.0265171934065934,0.0157738607392607
26744,-0.0297278337662338,-0.0224638934065934,0.0128630607392607
26745,-0.0276062337662338,-0.0224638934065934,0.00995226073926074
26746,-0.0233630337662338,-0.0184105934065934,0.00849686073926074
26747,-0.0162910337662338,-0.0130061934065934,0.00413066073926074
26748,-0.00992623376623377,-0.0103039934065934,0.00121986073926074
26749,-0.00568303376623376,-0.00760179340659341,-0.00169093926073926
26750,0.000681766233766236,-0.00489959340659341,-0.00314633926073926
26751,0.00563216623376623,-0.0062506934065934,-0.00314633926073926
26752,0.0105825662337662,-0.0089528934065934,-0.00314633926073926
26753,0.0134113662337662,-0.0130061934065934,-0.00605713926073926
26754,0.0148257662337662,-0.0184105934065934,-0.00605713926073926
26755,0.0162401662337662,-0.0211127934065934,-0.00896793926073926
26756,0.0162401662337662,-0.0251660934065934,-0.0104233392607393
26757,0.0169473662337662,-0.0278682934065934,-0.0118787392607393
26758,0.0155329662337662,-0.0292193934065934,-0.0118787392607393
26759,0.0112897662337662,-0.0305704934065934,-0.0162449392607393
26760,0.00916816623376623,-0.0278682934065934,-0.0162449392607393
26761,0.00492496623376624,-0.0265171934065934,-0.0177003392607393
26762,0.00209616623376623,-0.0197616934065934,-0.0162449392607393
26763,-0.00214703376623377,-0.0116550934065934,-0.0147895392607393
26764,-0.00497583376623377,-0.00760179340659341,-0.0104233392607393
26765,-0.00992623376623377,-0.00489959340659341,-0.00605713926073926
26766,-0.0141694337662338,-0.00354849340659341,-0.000235539260739261
26767,-0.0212414337662338,-0.00354849340659341,0.00558606073926074
26768,-0.0240702337662338,-0.00760179340659341,0.0143184607392607
26769,-0.0268990337662338,-0.0116550934065934,0.0186846607392607
26770,-0.0290206337662338,-0.0157083934065934,0.0259616607392607
26771,-0.0311422337662338,-0.0224638934065934,0.0303278607392607
26772,-0.0325566337662338,-0.0265171934065934,0.0361494607392607
26773,-0.0325566337662338,-0.0292193934065934,0.0332386607392607
26774,-0.0261918337662338,-0.0265171934065934,0.0317832607392607
26775,-0.0212414337662338,-0.0238149934065934,0.0245062607392607
26776,-0.00992623376623377,-0.0170594934065934,0.0186846607392607
26777,0.000681766233766236,-0.0062506934065934,0.00558606073926074
26778,0.0127041662337662,0.00320700659340659,-0.00605713926073926
26779,0.0226049662337662,0.0126647065934066,-0.0162449392607393
26780,0.0268481662337662,0.0180691065934066,-0.0220665392607393
26781,0.0310913662337662,0.0221224065934066,-0.0278881392607393
26782,0.0310913662337662,0.0234735065934066,-0.0293435392607393
26783,0.0317985662337662,0.0261757065934066,-0.0351651392607393
26784,0.0317985662337662,0.0288779065934066,-0.0380759392607393
26785,0.0317985662337662,0.0275268065934066,-0.0395313392607393
26786,0.0254337662337662,0.0315801065934066,-0.0395313392607393
26787,0.0218977662337662,0.0302290065934066,-0.0409867392607393
26788,0.0183617662337662,0.0302290065934066,-0.0351651392607393
26789,0.0119969662337662,0.0275268065934066,-0.0351651392607393
26790,0.00916816623376623,0.0275268065934066,-0.0293435392607393
26791,0.00563216623376623,0.0261757065934066,-0.0293435392607393
26792,0.00209616623376623,0.0221224065934066,-0.0249773392607393
26793,0.00209616623376623,0.0194202065934066,-0.0191557392607393
26794,0.00209616623376623,0.0153669065934066,-0.0147895392607393
26795,0.000681766233766236,0.0113136065934066,-0.0147895392607393
26796,-2.54337662337692e-05,0.0072603065934066,-0.00751253926073926
26797,0.00209616623376623,-0.000846293406593406,-0.00460173926073926
26798,0.00280336623376624,-0.00219739340659341,-0.00169093926073926
26799,0.00563216623376623,-0.0103039934065934,0.00413066073926074
26800,0.00775376623376623,-0.0103039934065934,0.00558606073926074
26801,0.00987536623376623,-0.0130061934065934,0.00704146073926074
26802,0.0105825662337662,-0.0130061934065934,0.00704146073926074
26803,0.0119969662337662,-0.0116550934065934,0.00704146073926074
26804,0.0134113662337662,-0.00760179340659341,0.00413066073926074
26805,0.0127041662337662,-0.000846293406593406,0.00121986073926074
26806,0.0119969662337662,0.00320700659340659,-0.00460173926073926
26807,0.0155329662337662,0.0126647065934066,-0.00896793926073926
26808,0.0141185662337662,0.0194202065934066,-0.0147895392607393
26809,0.0141185662337662,0.0288779065934066,-0.0191557392607393
26810,0.0141185662337662,0.0329312065934066,-0.0249773392607393
26811,0.0141185662337662,0.0369845065934066,-0.0278881392607393
26812,0.0162401662337662,0.0396867065934066,-0.0307989392607393
26813,0.0183617662337662,0.0423889065934066,-0.0337097392607393
26814,0.0183617662337662,0.0396867065934066,-0.0322543392607393
26815,0.0176545662337662,0.0342823065934066,-0.0337097392607393
26816,0.0141185662337662,0.0288779065934066,-0.0278881392607393
26817,0.00846096623376623,0.0194202065934066,-0.0206111392607393
26818,0.00421776623376623,0.0072603065934066,-0.0104233392607393
26819,-0.00568303376623376,-0.0062506934065934,-0.000235539260739261
26820,-0.0134622337662338,-0.0184105934065934,0.0143184607392607
26821,-0.0134622337662338,-0.0305704934065934,0.0215954607392607
26822,-0.0177054337662338,-0.0373259934065934,0.0288724607392607
26823,-0.0219486337662338,-0.0413792934065934,0.0332386607392607
26824,-0.0254846337662338,-0.0427303934065934,0.0346940607392607
26825,-0.0261918337662338,-0.0440814934065934,0.0346940607392607
26826,-0.0254846337662338,-0.0440814934065934,0.0346940607392607
26827,-0.0254846337662338,-0.0440814934065934,0.0303278607392607
26828,-0.0261918337662338,-0.0400281934065934,0.0274170607392607
26829,-0.0240702337662338,-0.0359748934065934,0.0230508607392607
26830,-0.0240702337662338,-0.0292193934065934,0.0172292607392607
26831,-0.0233630337662338,-0.0238149934065934,0.0128630607392607
26832,-0.0240702337662338,-0.0157083934065934,0.00413066073926074
26833,-0.0226558337662338,-0.0089528934065934,-0.00169093926073926
26834,-0.0205342337662338,-0.000846293406593406,-0.00751253926073926
26835,-0.0162910337662338,0.00185590659340659,-0.0104233392607393
26836,-0.0141694337662338,0.0086114065934066,-0.0147895392607393
26837,-0.0120478337662338,0.0086114065934066,-0.0147895392607393
26838,-0.0113406337662338,0.0072603065934066,-0.0162449392607393
26839,-0.0113406337662338,0.00455810659340659,-0.0118787392607393
26840,-0.00992623376623377,0.00185590659340659,-0.0133341392607393
26841,-0.00709743376623376,-0.00489959340659341,-0.0147895392607393
26842,-0.00851183376623376,-0.0089528934065934,-0.0147895392607393
26843,-0.00780463376623377,-0.0116550934065934,-0.0147895392607393
26844,-0.00639023376623377,-0.0143572934065934,-0.0162449392607393
26845,-0.00639023376623377,-0.0197616934065934,-0.0118787392607393
26846,-0.00780463376623377,-0.0211127934065934,-0.00605713926073926
26847,-0.00851183376623376,-0.0251660934065934,-0.00169093926073926
26848,-0.0148766337662338,-0.0251660934065934,0.00413066073926074
26849,-0.0162910337662338,-0.0265171934065934,0.00995226073926074
26850,-0.0191198337662338,-0.0278682934065934,0.0157738607392607
26851,-0.0240702337662338,-0.0278682934065934,0.0201400607392607
26852,-0.0283134337662338,-0.0251660934065934,0.0230508607392607
26853,-0.0304350337662338,-0.0251660934065934,0.0274170607392607
26854,-0.0339710337662338,-0.0265171934065934,0.0288724607392607
26855,-0.0375070337662338,-0.0251660934065934,0.0317832607392607
26856,-0.0382142337662338,-0.0211127934065934,0.0288724607392607
26857,-0.0375070337662338,-0.0184105934065934,0.0259616607392607
26858,-0.0325566337662338,-0.0130061934065934,0.0230508607392607
26859,-0.0254846337662338,-0.00489959340659341,0.0128630607392607
26860,-0.0177054337662338,0.00590920659340659,-0.00169093926073926
26861,-0.00639023376623377,0.0140158065934066,-0.0133341392607393
26862,0.00280336623376624,0.0221224065934066,-0.0220665392607393
26863,0.0119969662337662,0.0275268065934066,-0.0307989392607393
26864,0.0176545662337662,0.0288779065934066,-0.0380759392607393
26865,0.0240193662337662,0.0302290065934066,-0.0395313392607393
26866,0.0275553662337662,0.0261757065934066,-0.0409867392607393
26867,0.0282625662337662,0.0248246065934066,-0.0424421392607393
26868,0.0289697662337662,0.0221224065934066,-0.0409867392607393
26869,0.0268481662337662,0.0180691065934066,-0.0380759392607393
26870,0.0282625662337662,0.0153669065934066,-0.0351651392607393
26871,0.0254337662337662,0.0126647065934066,-0.0307989392607393
26872,0.0204833662337662,0.0126647065934066,-0.0249773392607393
26873,0.0162401662337662,0.0099625065934066,-0.0206111392607393
26874,0.0105825662337662,0.0099625065934066,-0.0147895392607393
26875,0.00492496623376624,0.0099625065934066,-0.0118787392607393
26876,-2.54337662337692e-05,0.0126647065934066,-0.00896793926073926
26877,-0.00356143376623377,0.0126647065934066,-0.00460173926073926
26878,-0.00780463376623377,0.0167180065934066,-0.00169093926073926
26879,-0.0127550337662338,0.0167180065934066,-0.000235539260739261
26880,-0.0120478337662338,0.0180691065934066,-0.000235539260739261
26881,-0.0113406337662338,0.0180691065934066,0.00121986073926074
26882,-0.00921903376623377,0.0180691065934066,0.00413066073926074
26883,-0.00709743376623376,0.0140158065934066,0.00558606073926074
26884,-0.00639023376623377,0.0113136065934066,0.00413066073926074
26885,-0.00356143376623377,0.0086114065934066,0.00558606073926074
26886,-0.00143983376623377,0.0072603065934066,0.00413066073926074
26887,0.00492496623376624,0.00455810659340659,0.00267526073926074
26888,0.00916816623376623,0.00590920659340659,0.00121986073926074
26889,0.0155329662337662,0.00320700659340659,-0.00314633926073926
26890,0.0218977662337662,0.0072603065934066,-0.00896793926073926
26891,0.0254337662337662,0.0099625065934066,-0.0133341392607393
26892,0.0303841662337662,0.0113136065934066,-0.0191557392607393
26893,0.0332129662337662,0.0167180065934066,-0.0235219392607393
26894,0.0346273662337662,0.0207713065934066,-0.0293435392607393
26895,0.0374561662337662,0.0234735065934066,-0.0366205392607393
26896,0.0381633662337662,0.0261757065934066,-0.0395313392607393
26897,0.0367489662337662,0.0275268065934066,-0.0409867392607393
26898,0.0325057662337662,0.0275268065934066,-0.0424421392607393
26899,0.0282625662337662,0.0261757065934066,-0.0380759392607393
26900,0.0204833662337662,0.0180691065934066,-0.0307989392607393
26901,0.0119969662337662,0.0099625065934066,-0.0220665392607393
26902,0.000681766233766236,-0.00219739340659341,-0.0133341392607393
26903,-0.00709743376623376,-0.0116550934065934,0.00121986073926074
26904,-0.0141694337662338,-0.0184105934065934,0.00849686073926074
26905,-0.0184126337662338,-0.0224638934065934,0.0157738607392607
26906,-0.0205342337662338,-0.0278682934065934,0.0201400607392607
26907,-0.0205342337662338,-0.0305704934065934,0.0215954607392607
26908,-0.0191198337662338,-0.0332726934065934,0.0245062607392607
26909,-0.0184126337662338,-0.0373259934065934,0.0230508607392607
26910,-0.0155838337662338,-0.0373259934065934,0.0215954607392607
26911,-0.0148766337662338,-0.0386770934065934,0.0172292607392607
26912,-0.00992623376623377,-0.0400281934065934,0.0172292607392607
26913,-0.00992623376623377,-0.0427303934065934,0.0114076607392607
26914,-0.00709743376623376,-0.0359748934065934,0.00704146073926074
26915,-0.00497583376623377,-0.0346237934065934,0.00413066073926074
26916,0.000681766233766236,-0.0292193934065934,0.00121986073926074
26917,0.000681766233766236,-0.0251660934065934,-0.00314633926073926
26918,-2.54337662337692e-05,-0.0197616934065934,-0.00605713926073926
26919,-0.00143983376623377,-0.0130061934065934,-0.00751253926073926
26920,-0.00143983376623377,-0.0089528934065934,-0.00896793926073926
26921,-0.00214703376623377,-0.0062506934065934,-0.0133341392607393
26922,-0.00356143376623377,-0.00489959340659341,-0.0147895392607393
26923,-0.00143983376623377,-0.00354849340659341,-0.0162449392607393
26924,-0.00214703376623377,0.000504806593406593,-0.0147895392607393
26925,0.00351056623376624,-0.000846293406593406,-0.0177003392607393
26926,0.00280336623376624,-0.00219739340659341,-0.0191557392607393
26927,0.00280336623376624,-0.00219739340659341,-0.0191557392607393
26928,0.00209616623376623,-0.00489959340659341,-0.0191557392607393
26929,0.00492496623376624,-0.0130061934065934,-0.0162449392607393
26930,0.00421776623376623,-0.0143572934065934,-0.0133341392607393
26931,0.00209616623376623,-0.0211127934065934,-0.0118787392607393
26932,0.00138896623376623,-0.0265171934065934,-0.00605713926073926
26933,-2.54337662337692e-05,-0.0278682934065934,-0.00314633926073926
26934,-0.00214703376623377,-0.0332726934065934,0.00121986073926074
26935,-0.00214703376623377,-0.0373259934065934,0.00121986073926074
26936,-0.00497583376623377,-0.0359748934065934,0.00558606073926074
26937,-0.00709743376623376,-0.0386770934065934,0.00558606073926074
26938,-0.00851183376623376,-0.0400281934065934,0.00704146073926074
26939,-0.00780463376623377,-0.0386770934065934,0.00413066073926074
26940,-0.00639023376623377,-0.0346237934065934,0.00121986073926074
26941,-0.00285423376623377,-0.0292193934065934,-0.00605713926073926
26942,0.000681766233766236,-0.0224638934065934,-0.0133341392607393
26943,0.00846096623376623,-0.0089528934065934,-0.0264327392607393
26944,0.0169473662337662,0.00185590659340659,-0.0409867392607393
26945,0.0247265662337662,0.0153669065934066,-0.0511745392607393
26946,0.0296769662337662,0.0234735065934066,-0.0613623392607393
26947,0.0332129662337662,0.0329312065934066,-0.0657285392607393
26948,0.0346273662337662,0.0342823065934066,-0.0657285392607393
26949,0.0339201662337662,0.0369845065934066,-0.0657285392607393
26950,0.0353345662337662,0.0329312065934066,-0.0613623392607393
26951,0.0360417662337662,0.0342823065934066,-0.0613623392607393
26952,0.0367489662337662,0.0288779065934066,-0.0555407392607393
26953,0.0346273662337662,0.0234735065934066,-0.0497191392607393
26954,0.0346273662337662,0.0180691065934066,-0.0453529392607393
26955,0.0325057662337662,0.0113136065934066,-0.0409867392607393
26956,0.0303841662337662,0.00455810659340659,-0.0322543392607393
26957,0.0268481662337662,-0.000846293406593406,-0.0249773392607393
26958,0.0247265662337662,-0.00489959340659341,-0.0191557392607393
26959,0.0197761662337662,-0.0062506934065934,-0.0191557392607393
26960,0.0204833662337662,-0.0062506934065934,-0.0147895392607393
26961,0.0190689662337662,-0.00219739340659341,-0.0133341392607393
26962,0.0155329662337662,-0.00354849340659341,-0.0133341392607393
26963,0.0141185662337662,-0.000846293406593406,-0.0118787392607393
26964,0.0119969662337662,0.00455810659340659,-0.0133341392607393
26965,0.0119969662337662,0.0099625065934066,-0.00751253926073926
26966,0.0112897662337662,0.0113136065934066,-0.00896793926073926
26967,0.0105825662337662,0.0113136065934066,-0.00896793926073926
26968,0.00775376623376623,0.0153669065934066,-0.0104233392607393
26969,0.00775376623376623,0.0153669065934066,-0.0147895392607393
26970,0.00916816623376623,0.0140158065934066,-0.0147895392607393
26971,0.0127041662337662,0.0153669065934066,-0.0206111392607393
26972,0.0148257662337662,0.0167180065934066,-0.0220665392607393
26973,0.0183617662337662,0.0167180065934066,-0.0278881392607393
26974,0.0240193662337662,0.0221224065934066,-0.0337097392607393
26975,0.0296769662337662,0.0261757065934066,-0.0395313392607393
26976,0.0332129662337662,0.0275268065934066,-0.0424421392607393
26977,0.0409921662337662,0.0288779065934066,-0.0468083392607393
26978,0.0424065662337662,0.0288779065934066,-0.0497191392607393
26979,0.0487713662337662,0.0302290065934066,-0.0511745392607393
26980,0.0508929662337662,0.0275268065934066,-0.0569961392607393
26981,0.0487713662337662,0.0234735065934066,-0.0569961392607393
26982,0.0459425662337662,0.0180691065934066,-0.0526299392607393
26983,0.0409921662337662,0.0126647065934066,-0.0482637392607393
26984,0.0325057662337662,0.00185590659340659,-0.0409867392607393
26985,0.0204833662337662,-0.00760179340659341,-0.0293435392607393
26986,0.00846096623376623,-0.0197616934065934,-0.0177003392607393
26987,-2.54337662337692e-05,-0.0278682934065934,-0.00896793926073926
26988,-0.00639023376623377,-0.0332726934065934,-0.00314633926073926
26989,-0.00992623376623377,-0.0346237934065934,-0.000235539260739261
26990,-0.0120478337662338,-0.0332726934065934,0.00121986073926074
26991,-0.00992623376623377,-0.0332726934065934,0.00121986073926074
26992,-0.00992623376623377,-0.0346237934065934,0.00413066073926074
26993,-0.00780463376623377,-0.0359748934065934,0.00121986073926074
26994,-0.00851183376623376,-0.0332726934065934,0.00121986073926074
26995,-0.00568303376623376,-0.0332726934065934,-0.000235539260739261
26996,-0.00285423376623377,-0.0332726934065934,-0.00460173926073926
26997,0.00280336623376624,-0.0319215934065934,-0.00751253926073926
26998,0.00846096623376623,-0.0278682934065934,-0.0118787392607393
26999,0.0127041662337662,-0.0292193934065934,-0.0147895392607393
27000,0.0141185662337662,-0.0278682934065934,-0.0162449392607393
27001,0.0183617662337662,-0.0278682934065934,-0.0191557392607393
27002,0.0176545662337662,-0.0251660934065934,-0.0206111392607393
27003,0.0183617662337662,-0.0251660934065934,-0.0220665392607393
27004,0.0197761662337662,-0.0197616934065934,-0.0220665392607393
27005,0.0183617662337662,-0.0184105934065934,-0.0249773392607393
27006,0.0197761662337662,-0.0157083934065934,-0.0278881392607393
27007,0.0176545662337662,-0.0143572934065934,-0.0293435392607393
27008,0.0162401662337662,-0.0116550934065934,-0.0322543392607393
27009,0.0155329662337662,-0.00760179340659341,-0.0322543392607393
27010,0.0119969662337662,-0.0089528934065934,-0.0351651392607393
27011,0.0127041662337662,-0.00760179340659341,-0.0351651392607393
27012,0.0119969662337662,-0.0062506934065934,-0.0380759392607393
27013,0.00987536623376623,-0.0062506934065934,-0.0366205392607393
27014,0.00846096623376623,-0.0062506934065934,-0.0337097392607393
27015,0.00633936623376623,-0.0089528934065934,-0.0307989392607393
27016,0.00280336623376624,-0.0143572934065934,-0.0249773392607393
27017,-0.000732633766233767,-0.0157083934065934,-0.0235219392607393
27018,-0.00356143376623377,-0.0211127934065934,-0.0177003392607393
27019,-0.00568303376623376,-0.0251660934065934,-0.0147895392607393
27020,-0.00639023376623377,-0.0278682934065934,-0.0104233392607393
27021,-0.00639023376623377,-0.0346237934065934,-0.00605713926073926
27022,-0.00497583376623377,-0.0359748934065934,-0.00751253926073926
27023,-0.00285423376623377,-0.0359748934065934,-0.00896793926073926
27024,-2.54337662337692e-05,-0.0305704934065934,-0.0133341392607393
27025,0.00916816623376623,-0.0251660934065934,-0.0206111392607393
27026,0.0176545662337662,-0.0143572934065934,-0.0293435392607393
27027,0.0289697662337662,-0.00354849340659341,-0.0424421392607393
27028,0.0360417662337662,0.0086114065934066,-0.0497191392607393
27029,0.0452353662337662,0.0180691065934066,-0.0569961392607393
27030,0.0516001662337662,0.0248246065934066,-0.0613623392607393
27031,0.0544289662337662,0.0288779065934066,-0.0657285392607393
27032,0.0551361662337662,0.0329312065934066,-0.0686393392607393
27033,0.0551361662337662,0.0342823065934066,-0.0700947392607393
27034,0.0565505662337662,0.0329312065934066,-0.0686393392607393
27035,0.0537217662337662,0.0342823065934066,-0.0671839392607393
27036,0.0544289662337662,0.0329312065934066,-0.0628177392607393
27037,0.0501857662337662,0.0302290065934066,-0.0599069392607393
27038,0.0494785662337662,0.0261757065934066,-0.0584515392607393
27039,0.0480641662337662,0.0221224065934066,-0.0555407392607393
27040,0.0445281662337662,0.0167180065934066,-0.0526299392607393
27041,0.0431137662337662,0.0113136065934066,-0.0511745392607393
27042,0.0416993662337662,0.00590920659340659,-0.0511745392607393
27043,0.0402849662337662,0.00320700659340659,-0.0468083392607393
27044,0.0416993662337662,-0.000846293406593406,-0.0453529392607393
27045,0.0388705662337662,-0.00219739340659341,-0.0468083392607393
27046,0.0388705662337662,-0.00219739340659341,-0.0468083392607393
27047,0.0374561662337662,-0.000846293406593406,-0.0453529392607393
27048,0.0353345662337662,-0.00219739340659341,-0.0424421392607393
27049,0.0367489662337662,-0.000846293406593406,-0.0424421392607393
27050,0.0353345662337662,0.00185590659340659,-0.0409867392607393
27051,0.0360417662337662,0.00320700659340659,-0.0395313392607393
27052,0.0346273662337662,0.00185590659340659,-0.0424421392607393
27053,0.0310913662337662,0.00590920659340659,-0.0438975392607393
27054,0.0310913662337662,0.00590920659340659,-0.0438975392607393
27055,0.0317985662337662,0.0113136065934066,-0.0453529392607393
27056,0.0339201662337662,0.0167180065934066,-0.0511745392607393
27057,0.0374561662337662,0.0207713065934066,-0.0569961392607393
27058,0.0409921662337662,0.0261757065934066,-0.0599069392607393
27059,0.0438209662337662,0.0288779065934066,-0.0642731392607393
27060,0.0480641662337662,0.0329312065934066,-0.0657285392607393
27061,0.0537217662337662,0.0369845065934066,-0.0700947392607393
27062,0.0558433662337662,0.0369845065934066,-0.0730055392607393
