"Sweep","GRF0SumVN","GRF0SumMLN","GRF0SumHzN","FilterVN","FilterMLN","FilterHzN"
22141,0.195521627372627,-0.00416581678321678,-0.0018378966033966,0.208424040858571,-0.0337133144868836,0.0179210069808429
22142,0.198358827372627,-0.00281761678321678,-0.000406196603396604,0.208578599764399,-0.0338759703101746,0.0181739796740315
22143,0.193393727372627,-0.00416581678321678,-0.000406196603396604,0.208733504580645,-0.0340399938820250,0.0184273826714919
22144,0.190556527372627,-0.0122550167832168,-0.0018378966033966,0.208888734091116,-0.034205374613968,0.0186812119496012
22145,0.187010027372627,-0.0136032167832168,-0.000406196603396604,0.20904426699633,-0.0343721017650329,0.0189354633781972
22146,0.184172827372627,-0.0176478167832168,-0.0018378966033966,0.209200081895016,-0.0345401644622484,0.0191901327181870
22147,0.187719327372627,-0.0189960167832168,-0.000406196603396604,0.209356157267581,-0.0347095517202081,0.0194452156196476
22148,0.191975127372627,-0.0203442167832168,-0.000406196603396604,0.209512471469861,-0.0348802524555059,0.0197007076209131
22149,0.197649527372627,-0.0216924167832168,-0.000406196603396604,0.209669002742296,-0.0350522554969751,0.0199566041486487
22150,0.201905327372627,-0.0203442167832168,-0.0032695966033966,0.209825729231121,-0.0352255495921946,0.0202129005169332
22151,0.204033227372627,-0.0162996167832168,-0.0032695966033966,0.209982629012968,-0.0354001234084005,0.0204695919223842
22152,0.203323927372627,-0.0109068167832168,-0.0018378966033966,0.210139680114827,-0.0355759655236141,0.0207266734373032
22153,0.201196027372627,-0.00821041678321678,-0.0032695966033966,0.21029686052371,-0.0357530644075183,0.0209841400057847
22154,0.199777427372627,-0.0095586167832168,-0.000406196603396604,0.210454148185292,-0.0359314084000004,0.0212419864432851
22155,0.198358827372627,-0.0095586167832168,0.0038889033966034,0.210611520995942,-0.0361109856976018,0.0215002074396496
22156,0.199068127372627,-0.0136032167832168,0.0053206033966034,0.210768956794013,-0.0362917843511365,0.0217587975685650
22157,0.201196027372627,-0.0189960167832168,0.0110474033966034,0.210926433355055,-0.0364737922730789,0.0220177513024495
22158,0.204742527372627,-0.0284334167832168,0.0167742033966034,0.211083928394126,-0.0366569972561204,0.0222770630308010
22159,0.212544827372627,-0.0405672167832168,0.0210693033966034,0.211241419577420,-0.0368413870061521,0.022536727083488
22160,0.223184327372627,-0.0473082167832168,0.0267961033966034,0.211398884546377,-0.0370269491887436,0.0227967377574994
22161,0.234533127372627,-0.0540492167832168,0.0325229033966034,0.211556300957235,-0.0372136714798053,0.0230570893441871
22162,0.250137727372627,-0.0621384167832168,0.0339546033966034,0.21171364653527,-0.0374015416106575,0.0233177761560118
22163,0.267160927372627,-0.0648348167832168,0.0325229033966034,0.211870899142274,-0.0375905474065742,0.0235787925478486
22164,0.283474827372627,-0.0648348167832168,0.0353863033966034,0.212028036856515,-0.0377806768178713,0.0238401329274127
22165,0.299079427372627,-0.0580938167832168,0.0353863033966034,0.212185038060548,-0.037971917935624,0.0241017917587620
22166,0.316102627372627,-0.0513528167832168,0.0310912033966034,0.212341881530484,-0.0381642589854943,0.0243637635638192
22167,0.336672327372627,-0.0405672167832168,0.0253644033966034,0.212498546526496,-0.0383576883006014,0.024626042916476
22168,0.360788527372627,-0.0284334167832168,0.0096157033966034,0.212655012891155,-0.0385521942780891,0.0248886244198855
22169,0.384195427372627,-0.0176478167832168,-0.000406196603396604,0.212811261161491,-0.0387477653235822,0.0251515026619968
22170,0.402637227372627,-0.00551401678321678,-0.0132914966033966,0.212967272691096,-0.0389443897886533,0.0254146721537832
22171,0.409730227372627,-0.00146941678321678,-0.0218816966033966,0.213123029766103,-0.0391420559087486,0.0256781272625247
22172,0.405474427372627,-0.00281761678321678,-0.0319035966033966,0.213278515691528,-0.0393407517527483,0.0259418621490434
22173,0.394834927372627,-0.00281761678321678,-0.0319035966033966,0.213433714829113,-0.0395404651948695,0.0262058707133444
22174,0.377811727372627,-0.00686221678321678,-0.0319035966033966,0.213588612583238,-0.0397411839079818,0.0264701465560749
22175,0.361497827372627,-0.0109068167832168,-0.0276084966033966,0.213743195345441,-0.0399428953699527,0.0267346829617388
22176,0.345183927372627,-0.0149514167832168,-0.0233133966033966,0.21389745041395,-0.0401455868783691,0.0269994729011915
22177,0.332416527372627,-0.0176478167832168,-0.0175865966033966,0.214051365904889,-0.0403492455699091,0.0272645090469889
22178,0.316811927372627,-0.0162996167832168,-0.0075646966033966,0.214204930666185,-0.0405538584378461,0.0275297837981298
22179,0.301207327372627,-0.0189960167832168,0.0053206033966034,0.214358134195143,-0.0407594123425630,0.0277952893161679
22180,0.284184127372627,-0.0162996167832168,0.0167742033966034,0.214510966554562,-0.0409658940155436,0.0280610175756616
22181,0.269288827372627,-0.0176478167832168,0.0296595033966034,0.214663418284927,-0.0411732900596334,0.0283269604255004
22182,0.259358627372627,-0.0189960167832168,0.0454082033966034,0.214815480317340,-0.0413815869478989,0.0285931096556684
22183,0.257230727372627,-0.0203442167832168,0.0611569033966034,0.21496714389846,-0.0415907710248093,0.0288594570699394
22184,0.262905127372627,-0.0243888167832168,0.0711788033966034,0.215118400541646,-0.0418008285120702,0.0291259945640111
22185,0.272126027372627,-0.0270852167832168,0.0812007033966034,0.215269242013877,-0.0420117455191069,0.0293927142001753
22186,0.281346927372627,-0.0324780167832168,0.0854958033966034,0.215419660356223,-0.0422235080582003,0.029659608269133
22187,0.291277127372627,-0.0378708167832168,0.0955177033966034,0.21556964792539,-0.042436102064273,0.0299266693379644
22188,0.296951527372627,-0.0419154167832168,0.0983811033966034,0.215719197442372,-0.0426495134188617,0.0301938902896916
22189,0.301207327372627,-0.0473082167832168,0.105539603396603,0.215868302037425,-0.0428637279759471,0.0304612643583915
22190,0.301916627372627,-0.0459600167832168,0.106971303396603,0.216016955284027,-0.0430787315854514,0.0307287851593626
22191,0.306172427372627,-0.0459600167832168,0.108403003396603,0.216165151220589,-0.043294510108816,0.0309964467123700
22192,0.304753827372627,-0.0392190167832168,0.106971303396603,0.216312884364332,-0.0435110494215388,0.0312642434554937
22193,0.301916627372627,-0.0311298167832168,0.106971303396603,0.216460149718794,-0.0437283353998759,0.0315321702490895
22194,0.296242227372627,-0.0230406167832168,0.102676203396603,0.216606942770323,-0.0439463538912438,0.0318002223723307
22195,0.286312027372627,-0.0122550167832168,0.0969494033966034,0.216753259469623,-0.0441650906720465,0.0320683955123337
22196,0.269998127372627,-0.00416581678321678,0.0883592033966034,0.216899096195425,-0.0443845313985141,0.0323366857424053
22197,0.252974927372627,0.00257518321678322,0.0826324033966034,0.217044449695872,-0.0446046615556755,0.0326050894889168
22198,0.238079627372627,0.00661978321678322,0.0711788033966034,0.217189317009571,-0.0448254664109827,0.0328736034907616
22199,0.228149427372627,0.00796798321678322,0.0611569033966034,0.217333695379543,-0.0450469309781748,0.0331422247528782
22200,0.222475027372627,0.00257518321678322,0.0497033033966034,0.217477582176734,-0.045269039995572,0.0334109504923573
22201,0.219637827372627,-0.00551401678321678,0.0382497033966034,0.217620974843369,-0.0454917779243857,0.0336797780786134
22202,0.220347127372627,-0.0176478167832168,0.0253644033966034,0.217763870857861,-0.0457151289707717,0.0339487049700965
22203,0.223184327372627,-0.0311298167832168,0.0139108033966034,0.21790626771883,-0.0459390771297623,0.0342177286480354
22204,0.229568027372627,-0.0432636167832168,0.0024572033966034,0.218048162946032,-0.0461636062450251,0.0344868465486977
22205,0.235242427372627,-0.0527010167832168,-0.0032695966033966,0.218189554096227,-0.0463887000751378,0.0347560559986161
22206,0.246591227372627,-0.0621384167832168,-0.0118597966033966,0.218330438791544,-0.0466143423565994,0.0350253541582186
22207,0.257940027372627,-0.0715758167832168,-0.0118597966033966,0.218470814759852,-0.0468405168598556,0.0352947379768313
22208,0.270707427372627,-0.0769686167832168,-0.0118597966033966,0.218610679887631,-0.0470672074397328,0.0355642041615242
22209,0.276381827372627,-0.0769686167832168,-0.0089963966033966,0.218750032279937,-0.0472943980774891,0.0358337491627675
22210,0.280637627372627,-0.0756204167832168,-0.0032695966033966,0.218888870314999,-0.0475220729065667,0.0361033691759092
22211,0.278509727372627,-0.0742722167832168,0.0038889033966034,0.219027192681897,-0.0477502162197168,0.0363730601560018
22212,0.278509727372627,-0.0702276167832168,0.0081840033966034,0.219164998397929,-0.0479788124635518,0.0366428178435069
22213,0.272835327372627,-0.0661830167832168,0.0110474033966034,0.219302286809311,-0.0482078462256443,0.0369126377934596
22214,0.265742327372627,-0.0540492167832168,0.0096157033966034,0.219439057578664,-0.0484373022127782,0.0371825153982051
22215,0.258649327372627,-0.0459600167832168,0.0081840033966034,0.219575310659507,-0.0486671652156942,0.0374524458977744
22216,0.248719127372627,-0.0392190167832168,0.0096157033966034,0.219711046259746,-0.0488974200621937,0.0377224243793819
22217,0.240207527372627,-0.0365226167832168,0.0038889033966034,0.219846264797802,-0.0491280515707055,0.0379924457719784
22218,0.228858727372627,-0.0351744167832168,0.0038889033966034,0.219980966853366,-0.0493590445154909,0.0382625048373431
22219,0.213254127372627,-0.0338262167832168,-0.000406196603396604,0.220115153111775,-0.0495903836053484,0.0385325961567246
22220,0.198358827372627,-0.0378708167832168,-0.0018378966033966,0.220248824297873,-0.0498220534730258,0.0388027141155052
22221,0.187719327372627,-0.0405672167832168,0.0010255033966034,0.220381981100062,-0.0500540386748727,0.0390728528898415
22222,0.182754227372627,-0.0432636167832168,0.0010255033966034,0.220514624096814,-0.0502863237002692,0.0393430064402279
22223,0.179917027372627,-0.0473082167832168,0.0010255033966034,0.220646753700087,-0.0505188929861751,0.0396131685124763
22224,0.180626327372627,-0.0500046167832168,0.0038889033966034,0.220778370120783,-0.0507517309330725,0.0398833326406725
22225,0.184882127372627,-0.0553974167832168,0.0096157033966034,0.220909473354064,-0.0509848219223056,0.0401534921526065
22226,0.193393727372627,-0.0634866167832168,0.0139108033966034,0.221040063183271,-0.0512181503371422,0.0404236401836063
22227,0.203323927372627,-0.0688794167832168,0.0196376033966034,0.22117013920321,-0.0514517005908187,0.0406937696987784
22228,0.213254127372627,-0.0742722167832168,0.0267961033966034,0.221299700860335,-0.0516854571597051,0.0409638735196979
22229,0.224602927372627,-0.0823614167832168,0.0325229033966034,0.221428747503470,-0.0519194046164686,0.0412339443545594
22230,0.239498227372627,-0.0877542167832168,0.0368180033966034,0.221557278441152,-0.0521535276632364,0.0415039748303061
22231,0.252265627372627,-0.0904506167832168,0.0425448033966034,0.221685293006558,-0.052387811164757,0.0417739575227813
22232,0.267160927372627,-0.0931470167832168,0.0425448033966034,0.221812790629554,-0.0526222401759739,0.0420438849824306
22233,0.276381827372627,-0.0917988167832168,0.0454082033966034,0.221939770910694,-0.0528567999598204,0.0423137497535755
22234,0.281346927372627,-0.0891024167832168,0.0454082033966034,0.222066233688614,-0.0530914759943049,0.0425835443862726
22235,0.284184127372627,-0.0810132167832168,0.0468399033966034,0.222192179091262,-0.0533262539665594,0.042853261443227
22236,0.281346927372627,-0.0715758167832168,0.0454082033966034,0.222317607566308,-0.0535611197505904,0.043122893503741
22237,0.279219027372627,-0.0621384167832168,0.0439765033966034,0.222442519891715,-0.0537960593687342,0.0433924331637065
22238,0.272126027372627,-0.0527010167832168,0.0454082033966034,0.222566917169414,-0.0540310589424024,0.0436618730316435
22239,0.262905127372627,-0.0473082167832168,0.0439765033966034,0.222690800804279,-0.0542661046404995,0.0439312057242439
22240,0.252265627372627,-0.0405672167832168,0.0454082033966034,0.222814172468416,-0.0545011826324959,0.0442004238638936
22241,0.236661027372627,-0.0432636167832168,0.0468399033966034,0.222937034050748,-0.054736279051278,0.0444695200781739
22242,0.222475027372627,-0.0473082167832168,0.0497033033966034,0.223059387592649,-0.0549713799722941,0.0447384870028229
22243,0.209707627372627,-0.0527010167832168,0.0525667033966034,0.223181235213039,-0.0552064714141185,0.0450073172896438
22244,0.196940227372627,-0.0661830167832168,0.0582935033966034,0.223302579031042,-0.0554415393590344,0.0452760036193566
22245,0.187719327372627,-0.0796650167832168,0.0611569033966034,0.223423421093050,-0.0556765697927087,0.045544538719396
22246,0.181335627372627,-0.0944952167832168,0.0640203033966034,0.223543763308114,-0.0559115487634199,0.0458129153841815
22247,0.181335627372627,-0.109325416783217,0.0697471033966034,0.223663607397313,-0.0561464624547899,0.0460811264944003
22248,0.182754227372627,-0.120111016783217,0.0726105033966034,0.223782954863201,-0.0563812972627058,0.0463491650362902
22249,0.189847227372627,-0.126852016783217,0.0726105033966034,0.223901806981551,-0.0566160398671208,0.0466170241209242
22250,0.201905327372627,-0.125503816783217,0.0697471033966034,0.224020164815391,-0.0568506772875596,0.0468846969965732
22251,0.217509927372627,-0.120111016783217,0.0668837033966034,0.224138029253056,-0.0570851969120847,0.047152177048215
22252,0.235951727372627,-0.106629016783217,0.0554301033966034,0.224255401070726,-0.0573195864941383,0.0474194577832002
22253,0.259358627372627,-0.0944952167832168,0.0468399033966034,0.224372281016778,-0.0575538341177228,0.0476865328010968
22254,0.279219027372627,-0.0769686167832168,0.0411131033966034,0.224488669914262,-0.0577879281374408,0.047953395749692
22255,0.294114327372627,-0.0621384167832168,0.0339546033966034,0.224604568772199,-0.0580218571022394,0.0482200402785232
22256,0.304753827372627,-0.0500046167832168,0.0296595033966034,0.224719978889046,-0.0582556096717064,0.0484864599983432
22257,0.309009627372627,-0.0392190167832168,0.0282278033966034,0.224834901934603,-0.0584891745351602,0.0487526484475085
22258,0.308300327372627,-0.0311298167832168,0.0282278033966034,0.224949340004491,-0.0587225403409842,0.0490185990677633
22259,0.304044527372627,-0.0270852167832168,0.0239327033966034,0.225063295645727,-0.0589556956385337,0.0492843051899134
22260,0.294823627372627,-0.0230406167832168,0.0253644033966034,0.225176771855113,-0.0591886288340113,0.0495497600234569
22261,0.286312027372627,-0.0216924167832168,0.0253644033966034,0.225289772054598,-0.0594213281598461,0.0498149566476996
22262,0.272835327372627,-0.0203442167832168,0.0239327033966034,0.225402300049012,-0.059653781654317,0.050079888006827
22263,0.260067927372627,-0.0257370167832168,0.0282278033966034,0.22551435997057,-0.0598859771504894,0.0503445469084391
22264,0.244463327372627,-0.0311298167832168,0.0296595033966034,0.225625956212357,-0.0601179022781904,0.0506089260260422
22265,0.230986627372627,-0.0351744167832168,0.0310912033966034,0.225737093353487,-0.0603495444804177,0.0508730179069804
22266,0.217509927372627,-0.0432636167832168,0.0368180033966034,0.225847776080593,-0.0605808910385981,0.0511368149833356
22267,0.206870427372627,-0.0486564167832168,0.0396814033966034,0.225958009111030,-0.0608119291020363,0.0514003095857962
22268,0.199068127372627,-0.0567456167832168,0.0425448033966034,0.226067797122941,-0.0610426457210911,0.051663493961482
22269,0.194103027372627,-0.0661830167832168,0.0468399033966034,0.226177144696842,-0.0612730278840778,0.0519263602922658
22270,0.194103027372627,-0.0769686167832168,0.0511350033966034,0.226286056272632,-0.0615030625597595,0.0521889007126018
22271,0.199777427372627,-0.0837096167832168,0.0554301033966034,0.226394536126214,-0.0617327367458932,0.0524511073293342
22272,0.206870427372627,-0.0958434167832168,0.0625886033966034,0.226502588369622,-0.0619620375196398,0.0527129722444737
22273,0.216091327372627,-0.0985398167832168,0.0668837033966034,0.226610216973455,-0.0621909520861141,0.0529744875814368
22274,0.225312227372627,-0.107977216783217,0.0726105033966034,0.226717425804731,-0.0624194678222808,0.0532356455137593
22275,0.233114527372627,-0.110673616783217,0.0769056033966034,0.226824218672593,-0.0626475723143344,0.0534964382933176
22276,0.243044727372627,-0.110673616783217,0.0826324033966034,0.226930599376213,-0.0628752533876311,0.0537568582770684
22277,0.250847027372627,-0.106629016783217,0.0869275033966034,0.22703657175271,-0.0631024991235871,0.0540168979532956
22278,0.257940027372627,-0.0998880167832168,0.0897909033966034,0.227142139724321,-0.0633292978574893,0.0542765499668711
22279,0.264323727372627,-0.0877542167832168,0.0926543033966034,0.227247307342404,-0.0635556381562878,0.0545358071410565
22280,0.267160927372627,-0.0756204167832168,0.0912226033966034,0.227352078825551,-0.0637815087768358,0.0547946624933732
22281,0.267160927372627,-0.0594420167832168,0.0883592033966034,0.227456458588651,-0.064006898606439,0.0550531092425753
22282,0.267870227372627,-0.0459600167832168,0.0826324033966034,0.227560451259701,-0.0642317965903717,0.0553111408032641
22283,0.263614427372627,-0.0324780167832168,0.0783373033966034,0.227664061684864,-0.0644561916528764,0.0555687507681436
22284,0.257940027372627,-0.0230406167832168,0.0697471033966034,0.227767294922506,-0.064680072619563,0.0558259328813786
22285,0.250847027372627,-0.0203442167832168,0.0625886033966034,0.227870156224494,-0.0649034281500546,0.0560826810050331
22286,0.243044727372627,-0.0189960167832168,0.0539984033966034,0.227972651005743,-0.0651262466897245,0.0563389890790832
22287,0.233114527372627,-0.0230406167832168,0.0511350033966034,0.228074784805435,-0.0653485164447174,0.0565948510789609
22288,0.223184327372627,-0.0284334167832168,0.0439765033966034,0.228176563241382,-0.0655702253783892,0.0568502609770550
22289,0.216091327372627,-0.0365226167832168,0.0396814033966034,0.228277991959487,-0.0657913612259104,0.0571052127096535
22290,0.210416927372627,-0.0486564167832168,0.0382497033966034,0.228379076584439,-0.0660119115247007,0.0573597001473499
22291,0.204033227372627,-0.0634866167832168,0.0396814033966034,0.228479822677263,-0.0662318636606983,0.0576137170723736
22292,0.196940227372627,-0.0769686167832168,0.0454082033966034,0.228580235698513,-0.066451204930463,0.0578672571697673
22293,0.191975127372627,-0.0917988167832168,0.0539984033966034,0.228680320972677,-0.0666699226139903,0.0581203140363665
22294,0.185591427372627,-0.106629016783217,0.0640203033966034,0.228780083653095,-0.0668880040517199,0.0583728812080758
22295,0.182754227372627,-0.116066416783217,0.0740422033966034,0.228879528689309,-0.0671054367215477,0.0586249522019808
22296,0.182754227372627,-0.124155616783217,0.0783373033966034,0.228978660800058,-0.0673222083093228,0.0588765205648902
22297,0.188428627372627,-0.124155616783217,0.0840641033966034,0.22907748445828,-0.067538306763983,0.0591275799174311
22298,0.194812327372627,-0.125503816783217,0.0869275033966034,0.229176003894478,-0.0677537203317431,0.0593781239877637
22299,0.204033227372627,-0.118762816783217,0.0840641033966034,0.229274223118959,-0.0679684375688683,0.0596281466344213
22300,0.213963427372627,-0.114718216783217,0.0854958033966034,0.229372145958521,-0.0681824473353623,0.0598776418567923
22301,0.221765727372627,-0.105280816783217,0.0812007033966034,0.229469776102206,-0.0683957387728294,0.0601266037942332
22302,0.226021527372627,-0.102584416783217,0.0783373033966034,0.229567117148527,-0.068608301272097,0.060375026717768
22303,0.228149427372627,-0.0971916167832168,0.0783373033966034,0.229664172644610,-0.068820124438979,0.0606229050168462
22304,0.226021527372627,-0.0904506167832168,0.0754739033966034,0.229760946110887,-0.069031198063304,0.0608702331856087
22305,0.224602927372627,-0.0823614167832168,0.0711788033966034,0.229857441050112,-0.0692415120874805,0.0611170058106416
22306,0.221056427372627,-0.0769686167832168,0.0654520033966034,0.229953660943642,-0.0694510565699451,0.0613632175547758
22307,0.216091327372627,-0.0729240167832168,0.0640203033966034,0.230049609239149,-0.0696598216472188,0.0616088631344631
22308,0.211126227372627,-0.0675312167832168,0.0611569033966034,0.230145289331466,-0.0698677975006225,0.0618539372966605
22309,0.200486727372627,-0.0621384167832168,0.0625886033966034,0.230240704535853,-0.0700749743271878,0.0620984348016515
22310,0.191975127372627,-0.0607902167832168,0.0611569033966034,0.230335858051454,-0.0702813423119688,0.0623423504132857
22311,0.186300727372627,-0.0634866167832168,0.0611569033966034,0.230430752916439,-0.0704868916059455,0.0625856788941677
22312,0.182044927372627,-0.0675312167832168,0.0654520033966034,0.230525391964114,-0.0706916123178995,0.0628284150038143
22313,0.177789127372627,-0.0729240167832168,0.0654520033966034,0.230619777787866,-0.0708954945225902,0.0630705535017602
22314,0.179207727372627,-0.0823614167832168,0.0683154033966034,0.230713912715648,-0.0710985282819725,0.0633120891556108
22315,0.177079827372627,-0.0904506167832168,0.0711788033966034,0.230807798794028,-0.0713007036775929,0.063553016750582
22316,0.183463527372627,-0.0998880167832168,0.0711788033966034,0.230901437782526,-0.071502010852303,0.0637933310995373
22317,0.186300727372627,-0.106629016783217,0.0740422033966034,0.230994831158972,-0.0717024400561675,0.0640330270525346
22318,0.194103027372627,-0.112021816783217,0.0783373033966034,0.231087980136382,-0.0719019816905147,0.0642720995058808
22319,0.201905327372627,-0.114718216783217,0.0826324033966034,0.231180885689876,-0.0721006263450084,0.0645105434151466
22320,0.212544827372627,-0.113370016783217,0.0854958033966034,0.231273548592906,-0.0722983648235499,0.0647483538136222
22321,0.219637827372627,-0.107977216783217,0.0883592033966034,0.231365969461815,-0.0724951881548197,0.0649855258317665
22322,0.228858727372627,-0.105280816783217,0.0897909033966034,0.231458148803827,-0.0726910875855989,0.0652220547136927
22323,0.232405227372627,-0.0998880167832168,0.0955177033966034,0.231550087062587,-0.072886054561988,0.0654579358311847
22324,0.234533127372627,-0.0917988167832168,0.102676203396603,0.231641784655863,-0.0730800807045791,0.0656931647006848
22325,0.232405227372627,-0.0850578167832168,0.104107903396603,0.231733241999781,-0.0732731577771156,0.0659277370072064
22326,0.228149427372627,-0.0823614167832168,0.108403003396603,0.231824459516401,-0.0734652776500338,0.0661616486297332
22327,0.223893627372627,-0.0810132167832168,0.109834703396603,0.231915437625617,-0.0736564322682014,0.0663948956611842
22328,0.216091327372627,-0.0823614167832168,0.109834703396603,0.232006176725059,-0.0738466136307667,0.0666274744224486
22329,0.206161127372627,-0.0850578167832168,0.112698103396603,0.232096677159948,-0.074035813784049,0.0668593814714799
22330,0.192684427372627,-0.0891024167832168,0.112698103396603,0.232186939180707,-0.0742240248256102,0.0670906136094274
22331,0.184172827372627,-0.0944952167832168,0.112698103396603,0.232276962888087,-0.074411238917642,0.0673211678857824
22332,0.176370527372627,-0.0985398167832168,0.108403003396603,0.232366748173869,-0.0745974483073441,0.0675510415995728
22333,0.170696127372627,-0.0985398167832168,0.104107903396603,0.232456294667955,-0.0747826453491693,0.0677802322916614
22334,0.169986827372627,-0.0985398167832168,0.0983811033966034,0.232545601697207,-0.0749668225210218,0.0680087377266651
22335,0.173533327372627,-0.0958434167832168,0.0869275033966034,0.232634668259718,-0.0751499724297522,0.0682365558649889
22336,0.180626327372627,-0.0864060167832168,0.0769056033966034,0.232723493019669,-0.0753320878045529,0.0684636848229976
22337,0.189137927372627,-0.0823614167832168,0.0711788033966034,0.232812074323983,-0.075513161475925,0.0686901228228079
22338,0.200486727372627,-0.0769686167832168,0.0640203033966034,0.232900410236860,-0.075693186343943,0.0689158681420847
22339,0.207579727372627,-0.0742722167832168,0.0640203033966034,0.232988498586077,-0.0758721553465248,0.0691409190732348
22340,0.217509927372627,-0.0688794167832168,0.0625886033966034,0.233076337013449,-0.0760500614328289,0.0693652738954606
22341,0.226730827372627,-0.0675312167832168,0.0654520033966034,0.233163923024557,-0.0762268975399171,0.0695889308606609
22342,0.235242427372627,-0.0675312167832168,0.0654520033966034,0.233251254038237,-0.0764026565731475,0.0698118881907079
22343,0.245172627372627,-0.0675312167832168,0.0654520033966034,0.233338327436552,-0.076577331394023,0.0700341440801672
22344,0.250847027372627,-0.0648348167832168,0.0683154033966034,0.233425140613796,-0.0767509148145644,0.0702556966995155
22345,0.258649327372627,-0.0648348167832168,0.0711788033966034,0.233511691022059,-0.0769233995921545,0.0704765441998458
22346,0.262905127372627,-0.0661830167832168,0.0769056033966034,0.233597976211411,-0.0770947784234577,0.0706966847235095
22347,0.264323727372627,-0.0648348167832168,0.0812007033966034,0.233683993863232,-0.077265043941139,0.0709161164221792
22348,0.262195827372627,-0.0634866167832168,0.0854958033966034,0.233769741812510,-0.0774341887124511,0.0711348374798593
22349,0.256521427372627,-0.0621384167832168,0.0897909033966034,0.233855218053982,-0.077602205235035,0.0713528461368899
22350,0.250137727372627,-0.0621384167832168,0.0926543033966034,0.233940420730639,-0.077769085929932,0.0715701407124711
22351,0.241626127372627,-0.0621384167832168,0.0926543033966034,0.234025348107286,-0.077934823135534,0.0717867196237298
22352,0.233823827372627,-0.0607902167832168,0.0955177033966034,0.234109998533818,-0.0780994091038683,0.0720025813988581
22353,0.224602927372627,-0.0594420167832168,0.0983811033966034,0.234194370402376,-0.0782628359968875,0.0722177246862993
22354,0.214672727372627,-0.0607902167832168,0.0969494033966034,0.234278462100579,-0.07842509588137,0.0724321482639385
22355,0.206161127372627,-0.0648348167832168,0.0955177033966034,0.234362271961581,-0.0785861807266208,0.0726458510453302
22356,0.199068127372627,-0.0715758167832168,0.0955177033966034,0.234445798213387,-0.0787460824119545,0.0728588320785136
22357,0.193393727372627,-0.0769686167832168,0.0955177033966034,0.234529038932096,-0.0789047927467581,0.073071090540876
22358,0.191265827372627,-0.0850578167832168,0.0969494033966034,0.234611992002979,-0.079062303499871,0.073282625735999
22359,0.189137927372627,-0.0958434167832168,0.0983811033966034,0.234694655091854,-0.0792186064354901,0.0734934370944622
22360,0.188428627372627,-0.103932616783217,0.101244503396603,0.234777025626739,-0.0793736933565315,0.0737035241786086
22361,0.194812327372627,-0.109325416783217,0.102676203396603,0.234859100789318,-0.0795275561521887,0.0739128866907735
22362,0.201196027372627,-0.109325416783217,0.101244503396603,0.234940877520362,-0.0796801868389798,0.0741215244820126
22363,0.208998327372627,-0.109325416783217,0.0998128033966034,0.235022352542299,-0.0798315775859702,0.074329437555889
22364,0.219637827372627,-0.107977216783217,0.0998128033966034,0.235103522395022,-0.0799817207237075,0.0745366260653434
22365,0.232405227372627,-0.101236216783217,0.0955177033966034,0.235184383481729,-0.0801306087410567,0.074743090305611
22366,0.243044727372627,-0.0904506167832168,0.0926543033966034,0.235264932124816,-0.08027823426854,0.0749488307036837
22367,0.254393527372627,-0.0783168167832168,0.0883592033966034,0.235345164627895,-0.0804245900425947,0.0751538478023352
22368,0.262195827372627,-0.0702276167832168,0.0840641033966034,0.235425077337077,-0.0805696688530764,0.0753581422397017
22369,0.269998127372627,-0.0607902167832168,0.0769056033966034,0.235504666696622,-0.0807134634856467,0.075561714725405
22370,0.274253927372627,-0.0513528167832168,0.0754739033966034,0.235583929296265,-0.0808559666674287,0.0757645660132189
22371,0.275672527372627,-0.0459600167832168,0.0697471033966034,0.235662861908010,-0.080997171016393,0.075966696873739
22372,0.275672527372627,-0.0446118167832168,0.0668837033966034,0.235741461509939,-0.0811370689972702,0.0761681080700237
22373,0.269288827372627,-0.0473082167832168,0.0654520033966034,0.235819725295091,-0.0812756528923687,0.076368800335711
22374,0.262195827372627,-0.0513528167832168,0.0668837033966034,0.235897650663181,-0.0814129147924216,0.0765687743580837
22375,0.248719127372627,-0.0594420167832168,0.0683154033966034,0.235975235192983,-0.0815488466060637,0.0767680307705327
22376,0.232405227372627,-0.0715758167832168,0.0740422033966034,0.236052476594132,-0.0816834400860777,0.0769665701554079
22377,0.211835527372627,-0.0864060167832168,0.0854958033966034,0.236129372637128,-0.0818166868738062,0.077164393059233
22378,0.194812327372627,-0.101236216783217,0.0969494033966034,0.236205921063744,-0.0819485785617293,0.0773615000257247
22379,0.179917027372627,-0.110673616783217,0.105539603396603,0.236282119488132,-0.0820791067667583,0.0775578916456263
22380,0.168568227372627,-0.122807416783217,0.114129803396603,0.236357965302580,-0.08220826320214,0.077753568611984
22381,0.163603127372627,-0.125503816783217,0.116993203396603,0.236433455598219,-0.082336039739591,0.0779485317694939
22382,0.160765927372627,-0.130896616783217,0.119856603396603,0.236508587106788,-0.0824624284574725,0.0781427821519864
22383,0.163603127372627,-0.133593016783217,0.122720003396603,0.236583356166176,-0.082587421674072,0.0783363210070601
22384,0.165731027372627,-0.137637616783217,0.122720003396603,0.236657758707998,-0.0827110119711162,0.0785291498118186
22385,0.174951927372627,-0.137637616783217,0.121288303396603,0.236731790263555,-0.082833192212636,0.0787212702821845
22386,0.183463527372627,-0.136289416783217,0.118424903396603,0.236805445986443,-0.0829539555577856,0.0789126843738115
22387,0.192684427372627,-0.134941216783217,0.114129803396603,0.23687872069012,-0.0830732954643576,0.0791033942736064
22388,0.204033227372627,-0.130896616783217,0.111266403396603,0.236951608895259,-0.0831912056834597,0.0792934023838385
22389,0.212544827372627,-0.125503816783217,0.105539603396603,0.237024104882009,-0.0833076802467503,0.0794827113018026
22390,0.222475027372627,-0.116066416783217,0.0998128033966034,0.237096202743975,-0.083422713444369,0.0796713237960254
22391,0.230986627372627,-0.107977216783217,0.0926543033966034,0.237167896440971,-0.0835362997912362,0.0798592427775312
22392,0.238079627372627,-0.0998880167832168,0.0912226033966034,0.237239179849082,-0.0836484339840471,0.0800464712676501
22393,0.243044727372627,-0.0917988167832168,0.0897909033966034,0.237310046806076,-0.0837591108550168,0.080233012369786
22394,0.241626127372627,-0.0850578167832168,0.0854958033966034,0.237380491147262,-0.0838683253265625,0.0804188692500881
22395,0.240207527372627,-0.0810132167832168,0.0854958033966034,0.237450506725673,-0.083976072369254,0.0806040451230698
22396,0.236661027372627,-0.0796650167832168,0.0812007033966034,0.237520087414867,-0.084082346967222,0.0807885432377274
22397,0.232405227372627,-0.0783168167832168,0.0812007033966034,0.23758922709898,-0.084187144094748,0.0809723668641552
22398,0.226021527372627,-0.0823614167832168,0.0812007033966034,0.237657919654464,-0.084290458704503,0.0811555192821435
22399,0.219637827372627,-0.0864060167832168,0.0812007033966034,0.237726158924474,-0.0843922857278996,0.0813380037742295
22400,0.213254127372627,-0.0877542167832168,0.0797690033966034,0.237793938687134,-0.0844926200866266,0.0815198236227072
22401,0.205451827372627,-0.0998880167832168,0.0812007033966034,0.237861252620129,-0.0845914567116416,0.0817009821071363
22402,0.199068127372627,-0.105280816783217,0.0812007033966034,0.237928094263104,-0.0846887905710181,0.0818814825023483
22403,0.194103027372627,-0.113370016783217,0.0812007033966034,0.237994456979560,-0.0847846167080435,0.0820613280784344
22404,0.194103027372627,-0.118762816783217,0.0812007033966034,0.238060333923422,-0.0848789302821201,0.0822405221012317
22405,0.193393727372627,-0.122807416783217,0.0869275033966034,0.238125718016627,-0.0849717266054829,0.0824190678338012
22406,0.196230927372627,-0.125503816783217,0.0897909033966034,0.238190601939692,-0.0850630011734081,0.0825969685443377
22407,0.200486727372627,-0.130896616783217,0.0969494033966034,0.238254978133559,-0.0851527496879116,0.0827742275234773
22408,0.204033227372627,-0.130896616783217,0.105539603396603,0.238318838811243,-0.0852409680777304,0.0829508481100137
22409,0.206161127372627,-0.130896616783217,0.106971303396603,0.238382175975598,-0.0853276525141234,0.0831268337230459
22410,0.211835527372627,-0.130896616783217,0.108403003396603,0.238444981438073,-0.0854127994187638,0.0833021878921514
22411,0.216800627372627,-0.128200216783217,0.114129803396603,0.238507246838693,-0.0854964054641923,0.0834769142776749
22412,0.223184327372627,-0.125503816783217,0.118424903396603,0.238568963670698,-0.0855784675686897,0.0836510166870637
22413,0.226021527372627,-0.122807416783217,0.116993203396603,0.238630123308857,-0.0856589828855726,0.0838244990936806
22414,0.230986627372627,-0.118762816783217,0.118424903396603,0.238690717036810,-0.0857379487883058,0.083997365651663
22415,0.233114527372627,-0.118762816783217,0.112698103396603,0.23875073607073,-0.0858153628542276,0.084169620699909
22416,0.237370327372627,-0.113370016783217,0.106971303396603,0.238810171579817,-0.085891222849214,0.0843412687537054
22417,0.240916827372627,-0.107977216783217,0.101244503396603,0.238869014705311,-0.085965526711421,0.0845123144835044
22418,0.245881927372627,-0.0985398167832168,0.0912226033966034,0.238927256580254,-0.0860382725275854,0.0846827626833203
22419,0.250137727372627,-0.0877542167832168,0.0783373033966034,0.238984888351455,-0.0861094584972286,0.0848526182297348
22420,0.251556327372627,-0.0810132167832168,0.0668837033966034,0.239041901202192,-0.0861790828861609,0.0850218860285454
22421,0.252974927372627,-0.0742722167832168,0.0582935033966034,0.239098286371247,-0.0862471439772,0.0851905709525174
22422,0.251556327372627,-0.0702276167832168,0.0554301033966034,0.239154035164595,-0.0863136400269522,0.0853586777825992
22423,0.250137727372627,-0.0688794167832168,0.0525667033966034,0.239209138959007,-0.0863785692323776,0.0855262111639749
22424,0.243754027372627,-0.0688794167832168,0.0497033033966034,0.239263589197093,-0.086441929708541,0.0856931755784358
22425,0.242335427372627,-0.0715758167832168,0.0525667033966034,0.239317377373278,-0.0865037194784745,0.085859575327633
22426,0.237370327372627,-0.0769686167832168,0.0554301033966034,0.239370495014148,-0.086563936475156,0.0860254145262211
22427,0.235951727372627,-0.0810132167832168,0.0611569033966034,0.239422933658559,-0.0866225785551355,0.0861906971078617
22428,0.237370327372627,-0.0864060167832168,0.0668837033966034,0.239474684841422,-0.0866796435205509,0.0863554268430945
22429,0.238788927372627,-0.0904506167832168,0.0726105033966034,0.239525740085570,-0.0867351291444124,0.0865196073651242
22430,0.242335427372627,-0.0985398167832168,0.0783373033966034,0.239576090903929,-0.0867890331972909,0.0866832421995647
22431,0.246591227372627,-0.101236216783217,0.0840641033966034,0.239625728810005,-0.086841353476345,0.086846334795176
22432,0.251556327372627,-0.102584416783217,0.0854958033966034,0.239674645335006,-0.086892087833424,0.0870088885531205
22433,0.256521427372627,-0.103932616783217,0.0926543033966034,0.239722832050345,-0.0869412341952652,0.087170906852266
22434,0.260777227372627,-0.101236216783217,0.0955177033966034,0.239770280593087,-0.0869887905734569,0.0873323930720216
22435,0.265742327372627,-0.0971916167832168,0.0983811033966034,0.239816982691898,-0.0870347550646322,0.0874933506151744
22436,0.270707427372627,-0.0931470167832168,0.102676203396603,0.239862930192746,-0.0870791258399633,0.0876537829287524
22437,0.274963227372627,-0.0891024167832168,0.102676203396603,0.239908115084853,-0.0871219011262835,0.0878136935214294
22438,0.274253927372627,-0.0850578167832168,0.104107903396603,0.23995252952469,-0.0871630791839588,0.0879730859769769
22439,0.274253927372627,-0.0823614167832168,0.102676203396603,0.239996165852144,-0.087202658284769,0.0881319639617858
22440,0.270707427372627,-0.0823614167832168,0.101244503396603,0.240039016595167,-0.0872406366925902,0.0882903312259638
22441,0.265742327372627,-0.0823614167832168,0.0969494033966034,0.240081074463412,-0.087277012650605,0.088448191598007
22442,0.259358627372627,-0.0837096167832168,0.0969494033966034,0.240122332331342,-0.0873117843764369,0.0886055489735423
22443,0.251556327372627,-0.0877542167832168,0.0955177033966034,0.240162783211294,-0.0873449500642772,0.088762407302588
22444,0.246591227372627,-0.0944952167832168,0.0955177033966034,0.240202420219451,-0.0873765078954017,0.08891877058028
22445,0.240916827372627,-0.0985398167832168,0.0883592033966034,0.240241236540097,-0.0874064560589392,0.0890746428390819
22446,0.237370327372627,-0.0998880167832168,0.0869275033966034,0.240279225393063,-0.0874347927777704,0.0892300281355605
22447,0.233823827372627,-0.102584416783217,0.0840641033966034,0.240316380006082,-0.0874615163302461,0.089384930531231
22448,0.233823827372627,-0.101236216783217,0.0812007033966034,0.240352693592775,-0.0874866250639979,0.089539354073898
22449,0.233823827372627,-0.102584416783217,0.0769056033966034,0.240388159338240,-0.0875101174032403,0.089693302780978
22450,0.237370327372627,-0.0998880167832168,0.0726105033966034,0.240422770393948,-0.0875319918509603,0.0898467806208466
22451,0.243044727372627,-0.0931470167832168,0.0697471033966034,0.240456519883188,-0.0875522469845966,0.0899997914912218
22452,0.250847027372627,-0.0864060167832168,0.0668837033966034,0.240489400918751,-0.087570881440089,0.0901523391975489
22453,0.260067927372627,-0.0823614167832168,0.0668837033966034,0.240521406633368,-0.0875878938838305,0.0903044274348508
22454,0.269998127372627,-0.0756204167832168,0.0654520033966034,0.240552530220922,-0.0876032829804376,0.0904560597750182
22455,0.278509727372627,-0.0756204167832168,0.0668837033966034,0.240582764984773,-0.0876170473633244,0.0906072396595414
22456,0.287021327372627,-0.0715758167832168,0.0640203033966034,0.240612104388295,-0.0876291856113374,0.0907579703957063
22457,0.290567827372627,-0.0715758167832168,0.0697471033966034,0.240640542102223,-0.0876396962323834,0.0909082551547699
22458,0.294114327372627,-0.0742722167832168,0.0740422033966034,0.240668072043447,-0.0876485776535853,0.0910580969760717
22459,0.290567827372627,-0.0810132167832168,0.0812007033966034,0.240694688400571,-0.087655828221689,0.0912074987830141
22460,0.283474827372627,-0.0917988167832168,0.0897909033966034,0.240720385641598,-0.0876614462202422,0.0913564634109118
22461,0.269998127372627,-0.101236216783217,0.0998128033966034,0.240745158498108,-0.0876654299054046,0.0915049936442373
22462,0.260067927372627,-0.110673616783217,0.108403003396603,0.240769001924701,-0.087667777554805,0.0916530922617804
22463,0.250137727372627,-0.117414616783217,0.115561503396603,0.240791911042759,-0.087668487519666,0.0918007620852708
22464,0.240207527372627,-0.121459216783217,0.121288303396603,0.240813881081530,-0.0876675582718167,0.0919480060250364
22465,0.233114527372627,-0.124155616783217,0.124151703396603,0.240834907322885,-0.0876649884404706,0.0920948271182479
22466,0.223893627372627,-0.122807416783217,0.124151703396603,0.240854985050493,-0.0876607768364418,0.092241228556782
22467,0.218928527372627,-0.124155616783217,0.121288303396603,0.240874109503404,-0.087654922464265,0.0923872137017377
22468,0.214672727372627,-0.126852016783217,0.118424903396603,0.240892275835279,-0.08764742452734,0.0925327860836165
22469,0.210416927372627,-0.126852016783217,0.114129803396603,0.240909479081461,-0.0876382824335519,0.0926779493911322
22470,0.208998327372627,-0.129548416783217,0.109834703396603,0.240925714133641,-0.0876274958032267,0.0928227074531014
22471,0.209707627372627,-0.129548416783217,0.104107903396603,0.240940975721638,-0.0876150644770976,0.0929670642158868
22472,0.212544827372627,-0.128200216783217,0.0998128033966034,0.240955258404983,-0.0876009885224173,0.0931110237173804
22473,0.217509927372627,-0.130896616783217,0.0926543033966034,0.240968556576505,-0.0875852682358204,0.093254590058518
22474,0.221765727372627,-0.128200216783217,0.0869275033966034,0.240980864476951,-0.0875679041443318,0.0933977673723235
22475,0.229568027372627,-0.122807416783217,0.0826324033966034,0.240992176217941,-0.0875488970035919,0.093540559790977
22476,0.236661027372627,-0.120111016783217,0.0769056033966034,0.24100248581178,-0.0875282477872432,0.0936829714138741
22477,0.245881927372627,-0.113370016783217,0.0769056033966034,0.241011787208142,-0.0875059576670151,0.093825006279644
22478,0.255102827372627,-0.109325416783217,0.0769056033966034,0.241020074336878,-0.0874820279881611,0.0939666683455841
22479,0.260777227372627,-0.101236216783217,0.0769056033966034,0.241027341154263,-0.0874564602416462,0.0941079614774817
22480,0.267160927372627,-0.0971916167832168,0.0740422033966034,0.241033581687287,-0.0874292560330838,0.094248889445864
22481,0.268579527372627,-0.0931470167832168,0.0769056033966034,0.241038790070599,-0.087400417051217,0.0943894559222518
22482,0.269288827372627,-0.0891024167832168,0.0740422033966034,0.241042960572936,-0.0873699450401325,0.0945296644754127
22483,0.272126027372627,-0.0877542167832168,0.0754739033966034,0.241046087612761,-0.0873378417766058,0.0946695185691024
22484,0.268579527372627,-0.0891024167832168,0.0754739033966034,0.241048165766576,-0.0873041090535083,0.0948090215603003
22485,0.268579527372627,-0.0917988167832168,0.0783373033966034,0.241049189771354,-0.0872687486730005,0.094948176699426
22486,0.262195827372627,-0.0917988167832168,0.0769056033966034,0.241049154519133,-0.0872317624499777,0.0950869871340184
22487,0.256521427372627,-0.0958434167832168,0.0769056033966034,0.241048055042319,-0.087193152220646,0.095225455912416
22488,0.252265627372627,-0.101236216783217,0.0812007033966034,0.241045886489921,-0.0871529198543666,0.0953635859854631
22489,0.244463327372627,-0.103932616783217,0.0826324033966034,0.241042644098412,-0.087111067271562,0.0955013802111825
22490,0.234533127372627,-0.109325416783217,0.0869275033966034,0.241038323158668,-0.0870675964662868,0.0956388413658793
22491,0.227440127372627,-0.114718216783217,0.0897909033966034,0.241032918975815,-0.0870225095302045,0.095775972159201
22492,0.219637827372627,-0.118762816783217,0.0969494033966034,0.241026426823939,-0.0869758086784356,0.0959127752521669
22493,0.215382027372627,-0.121459216783217,0.0998128033966034,0.241018841902751,-0.0869274962758801,0.0960492532796478
22494,0.211835527372627,-0.128200216783217,0.102676203396603,0.241010159301135,-0.086877574861221,0.0961854088748276
22495,0.208998327372627,-0.132244816783217,0.109834703396603,0.241000373969255,-0.0868260471709366,0.0963212446916862
22496,0.209707627372627,-0.134941216783217,0.114129803396603,0.240989480699017,-0.0867729161651845,0.096456763427981
22497,0.211835527372627,-0.134941216783217,0.116993203396603,0.240977474113579,-0.0867181850504346,0.096591967851195
22498,0.218219227372627,-0.133593016783217,0.115561503396603,0.240964348668888,-0.0866618572927998,0.0967268608210269
22499,0.227440127372627,-0.130896616783217,0.112698103396603,0.24095009867016,-0.0866039366206659,0.0968614453000158
22500,0.236661027372627,-0.124155616783217,0.109834703396603,0.240934718304278,-0.0865444270170883,0.0969957243503235
22501,0.248719127372627,-0.114718216783217,0.0998128033966034,0.240918201685442,-0.0864833327000907,0.0971297011186526
22502,0.265742327372627,-0.101236216783217,0.0897909033966034,0.240900542911831,-0.0864206580871434,0.097263378807816
22503,0.279928327372627,-0.0877542167832168,0.0812007033966034,0.240881736135022,-0.0863564077424226,0.097396760633475
22504,0.292695727372627,-0.0769686167832168,0.0711788033966034,0.240861775639204,-0.0862905863115073,0.097529849772475
22505,0.299788727372627,-0.0648348167832168,0.0625886033966034,0.240840655918447,-0.0862231984528263,0.0976626493101913
22506,0.304044527372627,-0.0607902167832168,0.0625886033966034,0.240818371740005,-0.0861542487742348,0.0977951621918354
22507,0.303335227372627,-0.0553974167832168,0.0611569033966034,0.240794918187304,-0.0860837417812399,0.097927391186615
22508,0.301207327372627,-0.0540492167832168,0.0582935033966034,0.240770290681378,-0.0860116818405991,0.0980593388687086
22509,0.294114327372627,-0.0500046167832168,0.0597252033966034,0.240744484982460,-0.0859380731564995,0.09819100760714
22510,0.289858527372627,-0.0540492167832168,0.0611569033966034,0.240717497174942,-0.085862919755125,0.098322399559611
22511,0.279928327372627,-0.0580938167832168,0.0625886033966034,0.240689323640318,-0.0857862254799417,0.0984535166727622
22512,0.275672527372627,-0.0621384167832168,0.0683154033966034,0.240659961022801,-0.0857079940014252,0.0985843606893583
22513,0.266451627372627,-0.0702276167832168,0.0726105033966034,0.240629406191507,-0.085628228838436,0.0987149331623966
22514,0.260067927372627,-0.0796650167832168,0.0769056033966034,0.240597656201670,-0.0855469333884502,0.0988452354761386
22515,0.253684227372627,-0.0877542167832168,0.0826324033966034,0.240564708255375,-0.085464110967576,0.0989752688706055
22516,0.248009827372627,-0.0958434167832168,0.0869275033966034,0.240530559663518,-0.0853797648570968,0.0991050344670623
22517,0.245172627372627,-0.0985398167832168,0.0897909033966034,0.240495207811943,-0.0852938983486264,0.099234533293505
22518,0.245172627372627,-0.102584416783217,0.0912226033966034,0.240458650134924,-0.0852065147808918,0.0993637663066868
22519,0.245881927372627,-0.101236216783217,0.0940860033966034,0.240420884099692,-0.0851176175648836,0.0994927344082143
22520,0.248009827372627,-0.0998880167832168,0.0983811033966034,0.240381907202464,-0.085027210196911,0.0996214384576764
22521,0.252974927372627,-0.0971916167832168,0.101244503396603,0.240341716973803,-0.0849352962600232,0.0997498792877545
22522,0.259358627372627,-0.0931470167832168,0.101244503396603,0.240300310993281,-0.0848418794161288,0.099878057720816
22523,0.267160927372627,-0.0931470167832168,0.101244503396603,0.240257686914688,-0.0847469633930012,0.10000597458106
22524,0.269288827372627,-0.0877542167832168,0.104107903396603,0.240213842498596,-0.0846505519703611,0.100133630700237
22525,0.275672527372627,-0.0877542167832168,0.102676203396603,0.240168775644437,-0.0845526489664334,0.100261026921391
22526,0.280637627372627,-0.0864060167832168,0.105539603396603,0.240122484418669,-0.0844532582254426,0.100388164103099
22527,0.283474827372627,-0.0850578167832168,0.106971303396603,0.240074967081731,-0.084352383608377,0.100515043124209
22528,0.285602727372627,-0.0850578167832168,0.105539603396603,0.240026222112786,-0.0842500289870185,0.100641664889557
22529,0.284893427372627,-0.0864060167832168,0.104107903396603,0.239976248227626,-0.0841461982403107,0.10076803033323
22530,0.283474827372627,-0.0864060167832168,0.102676203396603,0.239925044387514,-0.0840408952544582,0.100894140415390
22531,0.281346927372627,-0.0850578167832168,0.101244503396603,0.239872609799213,-0.0839341239253627,0.101019996114655
22532,0.279928327372627,-0.0823614167832168,0.0955177033966034,0.239818943908657,-0.083825888158274,0.101145598418005
22533,0.277800427372627,-0.0796650167832168,0.0926543033966034,0.239764046391933,-0.0837161918613955,0.101270948305754
22534,0.274963227372627,-0.0769686167832168,0.0883592033966034,0.239707917145285,-0.0836050389343773,0.101396046731070
22535,0.272835327372627,-0.0729240167832168,0.0840641033966034,0.239650556273668,-0.0834924332540229,0.101520894597537
22536,0.269998127372627,-0.0715758167832168,0.0797690033966034,0.239591964077821,-0.0833783786586074,0.101645492736206
22537,0.267870227372627,-0.0661830167832168,0.0726105033966034,0.239532141040873,-0.0832628789317382,0.101769841880684
22538,0.268579527372627,-0.0675312167832168,0.0711788033966034,0.239471087816172,-0.0831459377866895,0.101893942639742
22539,0.267870227372627,-0.0675312167832168,0.0697471033966034,0.239408805219286,-0.0830275588544693,0.102017795471906
22540,0.264323727372627,-0.0675312167832168,0.0711788033966034,0.23934529422369,-0.0829077456793438,0.102141400668954
22541,0.265033027372627,-0.0729240167832168,0.0726105033966034,0.239280555955225,-0.0827865017213542,0.102264758350283
22542,0.261486527372627,-0.0810132167832168,0.0769056033966034,0.239214591684125,-0.082663830367687,0.102387868466183
22543,0.256521427372627,-0.0891024167832168,0.0854958033966034,0.239147402815089,-0.0825397349584869,0.102510730810504
22544,0.252974927372627,-0.101236216783217,0.0955177033966034,0.239078990871959,-0.0824142188271094,0.102633345046677
22545,0.246591227372627,-0.106629016783217,0.105539603396603,0.239009357476056,-0.0822872853492297,0.102755710748567
22546,0.245172627372627,-0.114718216783217,0.114129803396603,0.238938504321812,-0.0821589379928887,0.102877827450720
22547,0.243754027372627,-0.116066416783217,0.115561503396603,0.238866433154863,-0.0820291803615641,0.102999694697629
22548,0.242335427372627,-0.117414616783217,0.119856603396603,0.238793145757011,-0.081898016225609,0.103121312081621
22549,0.243044727372627,-0.116066416783217,0.122720003396603,0.238718643937804,-0.081765449540196,0.103242679267401
22550,0.246591227372627,-0.110673616783217,0.122720003396603,0.238642929531753,-0.0816314844497665,0.103363796009181
22551,0.247300527372627,-0.106629016783217,0.121288303396603,0.238566004402913,-0.0814961252794514,0.103484662161874
22552,0.246591227372627,-0.105280816783217,0.119856603396603,0.23848787045387,-0.0813593765171874,0.103605277683392
22553,0.243754027372627,-0.102584416783217,0.116993203396603,0.238408529630824,-0.0812212427953756,0.103725642629033
22554,0.242335427372627,-0.0998880167832168,0.111266403396603,0.238327983920344,-0.0810817288767377,0.103845757139941
22555,0.240207527372627,-0.0985398167832168,0.105539603396603,0.238246235340497,-0.0809408396420427,0.103965621424141
22556,0.238788927372627,-0.0998880167832168,0.101244503396603,0.238163285930766,-0.0807985800797033,0.104085235730167
22557,0.234533127372627,-0.0998880167832168,0.0969494033966034,0.238079137741716,-0.0806549552809676,0.104204600318220
22558,0.231695927372627,-0.0998880167832168,0.0940860033966034,0.237993792822229,-0.0805099704407045,0.104323715433791
22559,0.229568027372627,-0.101236216783217,0.0955177033966034,0.237907253203802,-0.0803636308600604,0.104442581286736
22560,0.229568027372627,-0.101236216783217,0.0940860033966034,0.23781952088583,-0.0802159419495878,0.104561198038744
22561,0.226730827372627,-0.0998880167832168,0.0926543033966034,0.237730597825307,-0.0800669092323819,0.104679565797744
22562,0.226021527372627,-0.0998880167832168,0.0912226033966034,0.237640485929227,-0.0799165383448968,0.104797684612792
22563,0.228858727372627,-0.0958434167832168,0.0926543033966034,0.237549187048461,-0.0797648350340445,0.104915554467488
22564,0.230277327372627,-0.0917988167832168,0.0912226033966034,0.237456702977276,-0.0796118051491786,0.105033175275370
22565,0.234533127372627,-0.0917988167832168,0.0912226033966034,0.237363035461188,-0.0794574546284998,0.105150546877773
22566,0.238788927372627,-0.0877542167832168,0.0912226033966034,0.237268186211436,-0.0793017894845364,0.105267669041700
22567,0.240916827372627,-0.0877542167832168,0.0883592033966034,0.237172156923869,-0.079144815792426,0.105384541456703
22568,0.248009827372627,-0.0850578167832168,0.0883592033966034,0.237074949300047,-0.078986539680067,0.105501163729781
22569,0.251556327372627,-0.0850578167832168,0.0912226033966034,0.236976565070556,-0.0788269673196741,0.105617535379793
22570,0.255102827372627,-0.0864060167832168,0.0912226033966034,0.23687700602077,-0.078666104922134,0.105733655836814
22571,0.259358627372627,-0.0850578167832168,0.0926543033966034,0.236776274015649,-0.0785039587355598,0.105849524446928
22572,0.260067927372627,-0.0891024167832168,0.0940860033966034,0.236674371021108,-0.078340535047576,0.105965140478017
22573,0.259358627372627,-0.0917988167832168,0.102676203396603,0.236571299120254,-0.0781758401918022,0.10608050312802
22574,0.257940027372627,-0.0958434167832168,0.105539603396603,0.236467060521047,-0.0780098805608611,0.106195611542091
22575,0.251556327372627,-0.0985398167832168,0.108403003396603,0.236361657553691,-0.077842662624516,0.106310464837182
22576,0.245172627372627,-0.105280816783217,0.112698103396603,0.236255092656511,-0.0776741929501424,0.106425062125136
22577,0.238079627372627,-0.107977216783217,0.112698103396603,0.236147368349831,-0.0775044782260014,0.106539402530844
22578,0.230277327372627,-0.110673616783217,0.118424903396603,0.236038487201543,-0.0773335252859151,0.106653485207429
22579,0.223184327372627,-0.116066416783217,0.121288303396603,0.235928451788745,-0.0771613411316226,0.106767309351444
22580,0.216800627372627,-0.116066416783217,0.121288303396603,0.235817264658175,-0.0769879329528138,0.106880874219539
22581,0.208289027372627,-0.118762816783217,0.122720003396603,0.235704928287138,-0.0768133081448421,0.106994179142172
22582,0.204742527372627,-0.117414616783217,0.118424903396603,0.235591445045413,-0.0766374743213228,0.107107223529415
22583,0.204742527372627,-0.117414616783217,0.114129803396603,0.235476817162072,-0.0764604393206849,0.107220006866861
22584,0.208998327372627,-0.109325416783217,0.106971303396603,0.235361046706267,-0.0762822112052804,0.107332528699671
22585,0.217509927372627,-0.101236216783217,0.0998128033966034,0.235244135588840,-0.0761027982474636,0.107444788605258
22586,0.227440127372627,-0.0904506167832168,0.0912226033966034,0.235126085585749,-0.075922208898449,0.107556786157554
22587,0.239498227372627,-0.0769686167832168,0.0826324033966034,0.235006898380103,-0.0757404517418126,0.107668520885354
22588,0.248009827372627,-0.0702276167832168,0.0797690033966034,0.234886575616223,-0.0755575354372204,0.107779992228684
22589,0.257230727372627,-0.0607902167832168,0.0783373033966034,0.234765118956880,-0.0753734686632337,0.107891199501591
22590,0.265742327372627,-0.0553974167832168,0.0783373033966034,0.234642530137362,-0.0751882600671038,0.108002141868785
22591,0.271416727372627,-0.0513528167832168,0.0797690033966034,0.234518811014889,-0.0750019182234196,0.108112818335631
22592,0.277800427372627,-0.0473082167832168,0.0812007033966034,0.234393963612651,-0.0748144516016081,0.108223227747042
22593,0.278509727372627,-0.0446118167832168,0.0826324033966034,0.234267990156252,-0.0746258685413561,0.108333368791809
22594,0.279219027372627,-0.0446118167832168,0.0854958033966034,0.234140893099631,-0.074436177234091,0.108443240009904
22595,0.279219027372627,-0.0446118167832168,0.0869275033966034,0.234012675138985,-0.0742453857114517,0.108552839801761
22596,0.275672527372627,-0.0473082167832168,0.0926543033966034,0.233883339216904,-0.0740535018421462,0.108662166440028
22597,0.272126027372627,-0.0527010167832168,0.0955177033966034,0.233752888518174,-0.073860533337662,0.108771218085277
22598,0.265033027372627,-0.0580938167832168,0.102676203396603,0.233621326456048,-0.0736664877682253,0.108879992806664
22599,0.258649327372627,-0.0621384167832168,0.105539603396603,0.233488656648706,-0.0734713725876127,0.108988488606538
22600,0.250137727372627,-0.0675312167832168,0.106971303396603,0.233354882887413,-0.0732751951612281,0.109096703445059
22601,0.243044727372627,-0.0742722167832168,0.111266403396603,0.233220009098787,-0.0730779627946511,0.109204635259872
22602,0.235951727372627,-0.0769686167832168,0.112698103396603,0.233084039304387,-0.0728796827635877,0.109312281981325
22603,0.230277327372627,-0.0796650167832168,0.114129803396603,0.232946977581046,-0.0726803623424308,0.109419641546218
22604,0.222475027372627,-0.0837096167832168,0.112698103396603,0.232808828023645,-0.0724800088272385,0.109526711908081
22605,0.221765727372627,-0.0850578167832168,0.115561503396603,0.232669594710852,-0.0722786295545282,0.109633491042022
22606,0.218928527372627,-0.0850578167832168,0.116993203396603,0.232529281677463,-0.072076231917283,0.109739976948088
22607,0.220347127372627,-0.0837096167832168,0.112698103396603,0.232387892897536,-0.0718728233749104,0.109846167655625
22608,0.221765727372627,-0.0823614167832168,0.114129803396603,0.232245432278065,-0.0716684114552922,0.109952061223671
22609,0.223184327372627,-0.0837096167832168,0.116993203396603,0.232101903660987,-0.0714630037521831,0.110057655737409
22610,0.228858727372627,-0.0796650167832168,0.118424903396603,0.231957310831801,-0.0712566079221506,0.110162949309556
22611,0.233114527372627,-0.0796650167832168,0.118424903396603,0.231811657535066,-0.0710492316805876,0.110267940088187
22612,0.240916827372627,-0.0769686167832168,0.116993203396603,0.231664947497978,-0.0708408827949382,0.110372626263072
22613,0.247300527372627,-0.0715758167832168,0.115561503396603,0.2315171844613,-0.0706315690751346,0.110477006065596
22614,0.252974927372627,-0.0715758167832168,0.116993203396603,0.231368372214964,-0.0704212983603147,0.110581077764219
22615,0.262905127372627,-0.0675312167832168,0.112698103396603,0.231218514635625,-0.0702100785036832,0.110684839659452
22616,0.268579527372627,-0.0621384167832168,0.109834703396603,0.231067615726434,-0.0699979173578425,0.110788290076856
22617,0.274963227372627,-0.0580938167832168,0.104107903396603,0.230915679658526,-0.0697848227568708,0.110891427353116
22618,0.277091127372627,-0.0513528167832168,0.101244503396603,0.230762710808843,-0.0695708024928175,0.110994249815200
22619,0.280637627372627,-0.0473082167832168,0.0969494033966034,0.230608713789636,-0.0693558642889448,0.111096755757042
22620,0.281346927372627,-0.0405672167832168,0.0940860033966034,0.230453693469638,-0.0691400157715777,0.111198943417222
22621,0.281346927372627,-0.0365226167832168,0.0912226033966034,0.230297654988386,-0.0689232644414936,0.111300810958623
22622,0.277800427372627,-0.0365226167832168,0.0883592033966034,0.230140603762963,-0.0687056176476442,0.111402356450061
22623,0.272126027372627,-0.0378708167832168,0.0883592033966034,0.229982545484200,-0.0684870825697296,0.111503577850401
22624,0.266451627372627,-0.0419154167832168,0.0912226033966034,0.229823486100643,-0.0682676662147452,0.111604472998104
22625,0.257940027372627,-0.0486564167832168,0.0926543033966034,0.229663431791995,-0.0680473754275005,0.111705039610173
22626,0.245172627372627,-0.0580938167832168,0.102676203396603,0.229502388933001,-0.0678262169146463,0.111805275291983
22627,0.229568027372627,-0.0715758167832168,0.112698103396603,0.229340364043877,-0.0676041972836051,0.111905177560944
22628,0.217509927372627,-0.0864060167832168,0.121288303396603,0.229177363725304,-0.0673813230978021,0.1120047438865
22629,0.208289027372627,-0.0958434167832168,0.128446803396603,0.229013394586571,-0.0671576009449387,0.112103971739015
22630,0.202614627372627,-0.0998880167832168,0.134173603396603,0.228848463180832,-0.0669330375052692,0.112202858636194
22631,0.197649527372627,-0.105280816783217,0.138468703396603,0.228682575955299,-0.0667076396049845,0.112301402182093
22632,0.199777427372627,-0.105280816783217,0.139900403396603,0.228515739217379,-0.0664814142514409,0.112399600097718
22633,0.202614627372627,-0.101236216783217,0.141332103396603,0.228347959118191,-0.0662543686530302,0.112497450242238
22634,0.207579727372627,-0.0971916167832168,0.139900403396603,0.228179241654715,-0.0660265102222913,0.112594950624802
22635,0.211835527372627,-0.0917988167832168,0.137037003396603,0.228009592686153,-0.0657978465631973,0.112692099407461
22636,0.219637827372627,-0.0891024167832168,0.135605303396603,0.227839017958377,-0.065568385450066,0.112788894899681
22637,0.226021527372627,-0.0823614167832168,0.132741903396603,0.227667523134503,-0.0653381348046115,0.112885335547430
22638,0.232405227372627,-0.0769686167832168,0.129878503396603,0.227495113830617,-0.0651071026716053,0.112981419920276
22639,0.237370327372627,-0.0729240167832168,0.122720003396603,0.227321795652737,-0.0648752971917463,0.113077146695527
22640,0.242335427372627,-0.0661830167832168,0.119856603396603,0.227147574231071,-0.064642726573605,0.113172514636444
22641,0.245172627372627,-0.0621384167832168,0.118424903396603,0.226972455250130,-0.0644093990660374,0.113267522567482
22642,0.245881927372627,-0.0607902167832168,0.112698103396603,0.226796444473207,-0.0641753229319996,0.113362169352995
22643,0.244463327372627,-0.0594420167832168,0.111266403396603,0.226619547758280,-0.0639405064284199,0.113456453878916
22644,0.243044727372627,-0.0607902167832168,0.111266403396603,0.226441771063648,-0.0637049577953861,0.113550375035418
22645,0.238079627372627,-0.0594420167832168,0.109834703396603,0.226263120444247,-0.0634686852527877,0.113643931704531
22646,0.235242427372627,-0.0621384167832168,0.108403003396603,0.226083602040142,-0.0632316970011512,0.113737122753192
22647,0.230986627372627,-0.0621384167832168,0.108403003396603,0.225903222059390,-0.062994001225274,0.113829947027293
22648,0.226021527372627,-0.0648348167832168,0.105539603396603,0.225721986758205,-0.0627556061006551,0.113922403345229
22649,0.221765727372627,-0.0661830167832168,0.106971303396603,0.225539902419181,-0.0625165198022585,0.114014490491454
22650,0.218219227372627,-0.0675312167832168,0.106971303396603,0.225356975328036,-0.0622767505146763,0.114106207211521
22651,0.218219227372627,-0.0688794167832168,0.102676203396603,0.225173211752578,-0.0620363064422963,0.114197552209099
22652,0.216091327372627,-0.0688794167832168,0.104107903396603,0.224988617928035,-0.0617951958180767,0.114288524141016
22653,0.216091327372627,-0.0661830167832168,0.104107903396603,0.224803200048762,-0.0615534269090645,0.114379121610331
22654,0.217509927372627,-0.0715758167832168,0.105539603396603,0.224616964264119,-0.0613110080181936,0.114469343163352
22655,0.221056427372627,-0.0729240167832168,0.106971303396603,0.224429916679740,-0.0610679474884146,0.114559187292110
22656,0.222475027372627,-0.0742722167832168,0.111266403396603,0.224242063366155,-0.060824253713811,0.114648652440775
22657,0.224602927372627,-0.0769686167832168,0.116993203396603,0.224053410371825,-0.0605799351530488,0.114737737018021
22658,0.226730827372627,-0.0810132167832168,0.119856603396603,0.223863963736186,-0.0603350003423619,0.114826439416799
22659,0.227440127372627,-0.0823614167832168,0.128446803396603,0.223673729501466,-0.0600894579108708,0.114914758039065
22660,0.226021527372627,-0.0837096167832168,0.132741903396603,0.223482713722064,-0.0598433165968348,0.115002691323962
22661,0.227440127372627,-0.0837096167832168,0.138468703396603,0.223290922469272,-0.0595965852601828,0.115090237778981
22662,0.223893627372627,-0.0850578167832168,0.139900403396603,0.22309836183184,-0.0593492728903922,0.115177396009631
22663,0.221056427372627,-0.0850578167832168,0.144195503396603,0.222905037912388,-0.0591013886120423,0.115264164743186
22664,0.221765727372627,-0.0823614167832168,0.151354003396603,0.222710956818908,-0.0588529416885088,0.115350542848968
22665,0.218219227372627,-0.0810132167832168,0.149922303396603,0.222516124655305,-0.0586039415210055,0.115436529360117
22666,0.220347127372627,-0.0769686167832168,0.148490603396603,0.22232054751463,-0.0583543976415764,0.115522123491903
22667,0.221056427372627,-0.0729240167832168,0.145627203396603,0.222124231475991,-0.0581043197009692,0.115607324646688
22668,0.223893627372627,-0.0648348167832168,0.135605303396603,0.221927182607347,-0.0578537174504591,0.115692132403568
22669,0.228858727372627,-0.0567456167832168,0.122720003396603,0.221729406975416,-0.0576026007148289,0.115776546491198
22670,0.231695927372627,-0.0473082167832168,0.111266403396603,0.22153091066219,-0.057350979355575,0.115860566740354
22671,0.233823827372627,-0.0419154167832168,0.104107903396603,0.22133169978514,-0.057098863228063,0.115944193023645
22672,0.236661027372627,-0.0378708167832168,0.0969494033966034,0.221131780515944,-0.056846262140549,0.116027425197684
22673,0.237370327372627,-0.0365226167832168,0.0983811033966034,0.2209311590958,-0.0565931858225148,0.116110263058137
22674,0.238079627372627,-0.0365226167832168,0.0969494033966034,0.220729841847550,-0.0563396439051119,0.116192706312064
22675,0.238788927372627,-0.0338262167832168,0.0983811033966034,0.22052783518414,-0.0560856459113857,0.116274754566585
22676,0.238079627372627,-0.0351744167832168,0.0998128033966034,0.220325145613894,-0.055831201251158,0.116356407327436
22677,0.239498227372627,-0.0338262167832168,0.101244503396603,0.220121779743836,-0.0555763192177744,0.116437664002468
22678,0.240916827372627,-0.0338262167832168,0.102676203396603,0.219917744283016,-0.0553210089867166,0.116518523908123
22679,0.241626127372627,-0.0338262167832168,0.105539603396603,0.219713046048039,-0.0550652796151483,0.116598986277387
22680,0.244463327372627,-0.0338262167832168,0.106971303396603,0.219507691970812,-0.0548091400419297,0.116679050269234
22681,0.246591227372627,-0.0378708167832168,0.111266403396603,0.219301689108242,-0.0545525990899607,0.116758714980044
22682,0.244463327372627,-0.0419154167832168,0.116993203396603,0.219095044652928,-0.0542956654745812,0.116837979458492
22683,0.245172627372627,-0.0446118167832168,0.121288303396603,0.218887765940177,-0.0540383478198868,0.116916842726368
22684,0.244463327372627,-0.0459600167832168,0.122720003396603,0.218679860449393,-0.0537806546783076,0.116995303802859
22685,0.243754027372627,-0.0486564167832168,0.128446803396603,0.218471335803258,-0.0535225945473939,0.117073361726362
22686,0.239498227372627,-0.0513528167832168,0.129878503396603,0.218262199765209,-0.053264175883812,0.117151015573337
22687,0.238079627372627,-0.0500046167832168,0.132741903396603,0.218052460232019,-0.0530054071164094,0.117228264476167
22688,0.237370327372627,-0.0513528167832168,0.132741903396603,0.217842125222701,-0.0527462966560238,0.117305107638057
22689,0.233114527372627,-0.0513528167832168,0.131310203396603,0.217631202868156,-0.0524868529006374,0.117381544342001
22690,0.228858727372627,-0.0527010167832168,0.132741903396603,0.217419701400088,-0.0522270842391372,0.117457573953326
22691,0.223184327372627,-0.0553974167832168,0.132741903396603,0.217207629134040,-0.051966999056938,0.117533195919264
22692,0.218928527372627,-0.0553974167832168,0.132741903396603,0.216994994446317,-0.0517066057444025,0.117608409769531
22693,0.216091327372627,-0.0540492167832168,0.135605303396603,0.216781805749186,-0.051445912705262,0.117683215118369
22694,0.213254127372627,-0.0540492167832168,0.134173603396603,0.216568071469031,-0.0511849283603831,0.117757611668097
22695,0.209707627372627,-0.0527010167832168,0.132741903396603,0.216353800028668,-0.0509236611468805,0.117831599212151
22696,0.208998327372627,-0.0527010167832168,0.131310203396603,0.21613899983211,-0.050662119515834,0.117905177633192
22697,0.210416927372627,-0.0527010167832168,0.129878503396603,0.21592367925302,-0.0504003119304731,0.117978346896272
22698,0.214672727372627,-0.0473082167832168,0.125583403396603,0.215707846631973,-0.0501382468638971,0.118051107039524
22699,0.219637827372627,-0.0446118167832168,0.127015103396603,0.215491510285977,-0.0498759327916756,0.118123458162882
22700,0.225312227372627,-0.0419154167832168,0.122720003396603,0.215274678529015,-0.0496133781774664,0.1181954004168
22701,0.232405227372627,-0.0365226167832168,0.115561503396603,0.215057359700189,-0.0493505914558405,0.118266933989989
22702,0.238788927372627,-0.0297816167832168,0.115561503396603,0.214839562197003,-0.0490875810127815,0.118338059090722
22703,0.244463327372627,-0.0270852167832168,0.111266403396603,0.214621294511595,-0.0488243551610636,0.118408775924686
22704,0.251556327372627,-0.0203442167832168,0.106971303396603,0.214402565267212,-0.048560922113304,0.118479084675797
22705,0.255812127372627,-0.0162996167832168,0.106971303396603,0.214183383253713,-0.0482972899559468,0.118548985488510
22706,0.257230727372627,-0.0136032167832168,0.104107903396603,0.213963757459883,-0.0480334666241795,0.118618478451602
22707,0.258649327372627,-0.0136032167832168,0.104107903396603,0.213743697097672,-0.0477694598810412,0.118687563586418
22708,0.255812127372627,-0.0176478167832168,0.108403003396603,0.213523211615656,-0.0475052773067747,0.118756240840555
22709,0.248719127372627,-0.0243888167832168,0.112698103396603,0.213302310700252,-0.0472409263030788,0.118824510090935
22710,0.238079627372627,-0.0324780167832168,0.121288303396603,0.213081004260035,-0.0469764141141234,0.118892371160244
22711,0.227440127372627,-0.0432636167832168,0.129878503396603,0.212859302390461,-0.0467117478624639,0.118959823846215
22712,0.212544827372627,-0.0567456167832168,0.138468703396603,0.212637215322426,-0.0464469345975286,0.119026867961305
22713,0.200486727372627,-0.0648348167832168,0.144195503396603,0.212414753359551,-0.0461819813543492,0.119093503377314
22714,0.191265827372627,-0.0729240167832168,0.151354003396603,0.212191926810341,-0.0459168952146205,0.119159730068033
22715,0.183463527372627,-0.0742722167832168,0.149922303396603,0.211968745924738,-0.045651683358915,0.119225548144968
22716,0.177789127372627,-0.0769686167832168,0.151354003396603,0.211745220841715,-0.0453863531035322,0.119290957881198
22717,0.174951927372627,-0.0783168167832168,0.152785703396603,0.211521361548612,-0.0451209119229165,0.119355959722390
22718,0.172824027372627,-0.0756204167832168,0.149922303396603,0.211297177852009,-0.0448553674622976,0.119420554290882
22719,0.174242627372627,-0.0769686167832168,0.148490603396603,0.211072679360088,-0.0445897275428816,0.119484742385326
22720,0.176370527372627,-0.0715758167832168,0.147058903396603,0.210847875476290,-0.044324000160525,0.119548524974399
22721,0.180626327372627,-0.0661830167832168,0.139900403396603,0.210622775403978,-0.0440581934774247,0.119611903185568
22722,0.185591427372627,-0.0607902167832168,0.137037003396603,0.210397388160906,-0.0437923158040316,0.119674878287927
22723,0.191975127372627,-0.0540492167832168,0.131310203396603,0.210171722601780,-0.043526375572583,0.119737451668612
22724,0.199068127372627,-0.0473082167832168,0.128446803396603,0.209945787447666,-0.0432603813064456,0.119799624807233
22725,0.206870427372627,-0.0432636167832168,0.125583403396603,0.209719591321292,-0.0429943415875965,0.119861399252293
22726,0.211835527372627,-0.0378708167832168,0.122720003396603,0.209493142786014,-0.0427282650255011,0.119922776601063
22727,0.217509927372627,-0.0351744167832168,0.124151703396603,0.209266450384058,-0.0424621602301816,0.119983758483918
22728,0.221056427372627,-0.0324780167832168,0.124151703396603,0.209039522670348,-0.0421960357899416,0.120044346555094
22729,0.223184327372627,-0.0297816167832168,0.121288303396603,0.208812368240704,-0.0419299002537472,0.120104542489387
22730,0.225312227372627,-0.0284334167832168,0.122720003396603,0.208584995753674,-0.0416637621173326,0.120164347979344
22731,0.223893627372627,-0.0284334167832168,0.122720003396603,0.208357413945503,-0.0413976298125653,0.120223764731474
22732,0.221765727372627,-0.0297816167832168,0.121288303396603,0.208129631637271,-0.0411315117019324,0.120282794464425
22733,0.219637827372627,-0.0284334167832168,0.122720003396603,0.207901657733211,-0.0408654160786143,0.120341438908173
22734,0.217509927372627,-0.0297816167832168,0.122720003396603,0.207673501212658,-0.0405993511688869,0.120399699803192
22735,0.212544827372627,-0.0311298167832168,0.121288303396603,0.207445171118816,-0.0403333251349877,0.120457578900628
22736,0.209707627372627,-0.0338262167832168,0.122720003396603,0.207216676544099,-0.0400673460807773,0.120515077961977
22737,0.204033227372627,-0.0351744167832168,0.122720003396603,0.206988026611547,-0.0398014220615894,0.120572198758272
22738,0.198358827372627,-0.0392190167832168,0.122720003396603,0.206759230452823,-0.0395355610968752,0.120628943070751
22739,0.194103027372627,-0.0432636167832168,0.125583403396603,0.20653029718277,-0.0392697711856403,0.120685312693016
22740,0.189847227372627,-0.0459600167832168,0.127015103396603,0.206301235872758,-0.0390040603256069,0.120741309435664
22741,0.184882127372627,-0.0527010167832168,0.132741903396603,0.206072055525731,-0.0387384365351682,0.120796935135860
22742,0.182754227372627,-0.0567456167832168,0.137037003396603,0.205842765053229,-0.0384729078781368,0.120852191673352
22743,0.181335627372627,-0.0621384167832168,0.138468703396603,0.205613373255582,-0.038207482491751,0.120907080991416
22744,0.178498427372627,-0.0648348167832168,0.144195503396603,0.205383888807506,-0.0379421686151474,0.120961605117816
22745,0.177789127372627,-0.0648348167832168,0.148490603396603,0.205154320247608,-0.0376769746136408,0.121015766184770
22746,0.180626327372627,-0.0688794167832168,0.151354003396603,0.204924675971082,-0.0374119089960214,0.121069566450902
22747,0.183463527372627,-0.0688794167832168,0.154217403396603,0.204694964229997,-0.0371469804271938,0.121123008323188
22748,0.187719327372627,-0.0661830167832168,0.157080803396603,0.204465193143876,-0.0368821977380225,0.121176094375448
22749,0.190556527372627,-0.0594420167832168,0.155649103396603,0.204235370717377,-0.0366175699263305,0.121228827362888
22750,0.197649527372627,-0.0553974167832168,0.149922303396603,0.204005504861646,-0.0363531061434628,0.121281210228722
22751,0.206870427372627,-0.0459600167832168,0.142763803396603,0.203775603421311,-0.03608881566921,0.121333246095480
22752,0.218928527372627,-0.0351744167832168,0.131310203396603,0.203545674212738,-0.0358247078778835,0.121384938238018
22753,0.227440127372627,-0.0243888167832168,0.121288303396603,0.203315725074782,-0.0355607921936825,0.121436290040709
22754,0.234533127372627,-0.0162996167832168,0.106971303396603,0.203085763924439,-0.0352970780376778,0.121487304942769
22755,0.239498227372627,-0.0109068167832168,0.102676203396603,0.202855798807107,-0.0350335747757268,0.121537986377653
22756,0.240207527372627,-0.00821041678321678,0.0983811033966034,0.202625837935577,-0.0347702916761641,0.121588337717891
22757,0.240916827372627,-0.00686221678321678,0.0983811033966034,0.202395889715560,-0.0345072378809941,0.121638362236737
22758,0.235242427372627,-0.00551401678321678,0.0969494033966034,0.202165962756751,-0.0342444223891869,0.121688063087616
22759,0.230986627372627,-0.00821041678321678,0.0998128033966034,0.201936065868956,-0.0339818540488205,0.121737443295449
22760,0.226730827372627,-0.00821041678321678,0.102676203396603,0.201706208045482,-0.0337195415566701,0.121786505756863
22761,0.221056427372627,-0.0122550167832168,0.102676203396603,0.201476398440159,-0.033457493464315,0.121835253247839
22762,0.214672727372627,-0.0136032167832168,0.108403003396603,0.201246646341903,-0.0331957181889001,0.121883688434806
22763,0.210416927372627,-0.0176478167832168,0.111266403396603,0.2010169611466,-0.0329342240271548,0.121931813888217
22764,0.205451827372627,-0.0230406167832168,0.116993203396603,0.200787352328238,-0.0326730191726698,0.121979632101075
22765,0.202614627372627,-0.0243888167832168,0.118424903396603,0.200557829412748,-0.0324121117368971,0.122027145510908
22766,0.201905327372627,-0.0297816167832168,0.124151703396603,0.200328401956732,-0.0321515097715451,0.122074356521267
22767,0.200486727372627,-0.0324780167832168,0.127015103396603,0.200099079533055,-0.0318912212900408,0.122121267522227
22768,0.201905327372627,-0.0365226167832168,0.128446803396603,0.199869871723542,-0.0316312542889909,0.122167880910397
22769,0.201196027372627,-0.0351744167832168,0.131310203396603,0.199640788117058,-0.0313716167682432,0.122214199105968
22770,0.204033227372627,-0.0351744167832168,0.134173603396603,0.199411838311510,-0.0311123167444293,0.122260224566297
22771,0.206161127372627,-0.0365226167832168,0.131310203396603,0.199183031919766,-0.0308533622565889,0.122305959797521
22772,0.208998327372627,-0.0351744167832168,0.135605303396603,0.198954378580230,-0.0305947613685345,0.122351407362210
22773,0.211126227372627,-0.0311298167832168,0.137037003396603,0.198725887970846,-0.0303365221693504,0.122396569884555
22774,0.212544827372627,-0.0311298167832168,0.138468703396603,0.198497569823581,-0.0300786527683034,0.122441450058523
22775,0.213963427372627,-0.0284334167832168,0.139900403396603,0.19826943393721,-0.0298211612855613,0.122486050657989
22776,0.213254127372627,-0.0297816167832168,0.138468703396603,0.198041490187145,-0.0295640558443054,0.122530374544398
22777,0.213254127372627,-0.0284334167832168,0.135605303396603,0.197813748531351,-0.0293073445665661,0.122574424668994
22778,0.209707627372627,-0.0270852167832168,0.137037003396603,0.197586219011361,-0.0290510355713847,0.122618204068616
22779,0.206161127372627,-0.0257370167832168,0.135605303396603,0.197358911746922,-0.0287951369720412,0.122661715859525
22780,0.204033227372627,-0.0243888167832168,0.131310203396603,0.197131836924020,-0.0285396568709522,0.122704963232215
22781,0.201905327372627,-0.0230406167832168,0.129878503396603,0.196905004780219,-0.0282846033536352,0.122747949442767
22782,0.202614627372627,-0.0216924167832168,0.122720003396603,0.196678425592686,-0.0280299844826711,0.122790677797781
22783,0.199777427372627,-0.0162996167832168,0.118424903396603,0.196452109670871,-0.0277758082902665,0.122833151633366
22784,0.197649527372627,-0.0149514167832168,0.115561503396603,0.196226067350899,-0.0275220827666246,0.122875374289693
22785,0.199068127372627,-0.0136032167832168,0.111266403396603,0.196000308988741,-0.0272688158455186,0.122917349086035
22786,0.201905327372627,-0.0095586167832168,0.109834703396603,0.195774844956313,-0.0270160153917263,0.122959079299773
22787,0.202614627372627,-0.00686221678321678,0.102676203396603,0.195549685645912,-0.0267636891893926,0.123000568147367
22788,0.205451827372627,-0.00416581678321678,0.101244503396603,0.195324841480526,-0.0265118449280615,0.123041818763861
22789,0.208289027372627,-0.000121216783216783,0.0983811033966034,0.195100322925850,-0.0262604901873090,0.123082834181391
22790,0.210416927372627,0.00257518321678322,0.0998128033966034,0.194876140504031,-0.0260096324209074,0.123123617312143
22791,0.208998327372627,0.00122698321678322,0.102676203396603,0.194652304807389,-0.0257592789419186,0.123164170940715
22792,0.206870427372627,-0.00281761678321678,0.109834703396603,0.194428826506282,-0.0255094369152333,0.123204497728834
22793,0.202614627372627,-0.0109068167832168,0.115561503396603,0.194205716346904,-0.0252601133650075,0.123244600233917
22794,0.194103027372627,-0.0216924167832168,0.129878503396603,0.193982985138071,-0.0250113152002541,0.123284480940993
22795,0.188428627372627,-0.0311298167832168,0.138468703396603,0.19376064372649,-0.0247630492571926,0.123324142307963
22796,0.179917027372627,-0.0378708167832168,0.145627203396603,0.193538702962958,-0.0245153223509090,0.123363586819771
22797,0.176370527372627,-0.0432636167832168,0.151354003396603,0.193317173665625,-0.0242681413251492,0.123402817039605
22798,0.173533327372627,-0.0486564167832168,0.155649103396603,0.193096066586925,-0.0240215130937295,0.123441835649717
22799,0.170696127372627,-0.0486564167832168,0.154217403396603,0.192875392388838,-0.0237754446730973,0.123480645481367
22800,0.168568227372627,-0.0486564167832168,0.152785703396603,0.192655161625734,-0.0235299432046454,0.123519249531416
22801,0.167858927372627,-0.0473082167832168,0.151354003396603,0.192435384731391,-0.0232850159649188,0.123557650964589
22802,0.165731027372627,-0.0446118167832168,0.145627203396603,0.192216072009186,-0.0230406703660389,0.123595853105838
22803,0.162893827372627,-0.0432636167832168,0.142763803396603,0.191997233624001,-0.0227969139500741,0.123633859425799
22804,0.161475227372627,-0.0392190167832168,0.138468703396603,0.191778879592903,-0.0225537543796802,0.123671673520795
22805,0.158638027372627,-0.0365226167832168,0.132741903396603,0.191561019774351,-0.0223111994259454,0.123709299090384
22806,0.159347327372627,-0.0338262167832168,0.127015103396603,0.191343663858130,-0.0220692569539036,0.123746739912425
22807,0.160056627372627,-0.0284334167832168,0.122720003396603,0.191126821358966,-0.0218279349066472,0.123783999814687
22808,0.161475227372627,-0.0257370167832168,0.118424903396603,0.190910501616258,-0.0215872412875750,0.123821082645966
22809,0.165021727372627,-0.0216924167832168,0.114129803396603,0.190694713799924,-0.021347184140773,0.123857992249673
22810,0.165731027372627,-0.0189960167832168,0.111266403396603,0.190479466920911,-0.0211077715318588,0.123894732439898
22811,0.168568227372627,-0.0189960167832168,0.112698103396603,0.190264769843898,-0.0208690115316149,0.123931306981428
22812,0.170696127372627,-0.0176478167832168,0.109834703396603,0.190050631299997,-0.0206309122047405,0.123967719577181
22813,0.174242627372627,-0.0136032167832168,0.111266403396603,0.189837059900187,-0.0203934816027902,0.124003973862075
22814,0.176370527372627,-0.0149514167832168,0.111266403396603,0.189624064150708,-0.0201567277566428,0.124040073399855
22815,0.180626327372627,-0.0122550167832168,0.112698103396603,0.189411652469915,-0.0199206586685019,0.124076021682898
22816,0.182044927372627,-0.0095586167832168,0.111266403396603,0.189199833205866,-0.0196852823052885,0.124111822134481
22817,0.187010027372627,-0.0109068167832168,0.111266403396603,0.188988614654156,-0.0194506065915646,0.124147478110069
22818,0.187010027372627,-0.0109068167832168,0.111266403396603,0.188778005075498,-0.0192166394038502,0.124182992896127
22819,0.189137927372627,-0.0109068167832168,0.111266403396603,0.188568012711340,-0.0189833885700571,0.124218369708438
22820,0.187010027372627,-0.0095586167832168,0.112698103396603,0.188358645794586,-0.0187508618712477,0.124253611691912
22821,0.187719327372627,-0.00821041678321678,0.118424903396603,0.188149912554183,-0.0185190670410611,0.124288721924338
22822,0.183463527372627,-0.0109068167832168,0.119856603396603,0.187941821214318,-0.0182880117632734,0.124323703427569
22823,0.176370527372627,-0.0136032167832168,0.125583403396603,0.18773437998651,-0.0180577036730784,0.124358559185123
22824,0.172114727372627,-0.0189960167832168,0.129878503396603,0.187527597050917,-0.0178281503672105,0.124393292162758
22825,0.165021727372627,-0.0243888167832168,0.134173603396603,0.187321480528824,-0.0175993594233756,0.124427905331515
22826,0.157928727372627,-0.0270852167832168,0.138468703396603,0.187116038451447,-0.0173713384257308,0.124462401692252
22827,0.152963627372627,-0.0324780167832168,0.141332103396603,0.186911278726541,-0.0171440949912906,0.124496784299183
22828,0.146579927372627,-0.0378708167832168,0.145627203396603,0.186707209104499,-0.0169176367953977,0.124531056281441
22829,0.140905527372627,-0.0392190167832168,0.149922303396603,0.186503837146174,-0.0166919715976559,0.124565220863657
22830,0.135940427372627,-0.0432636167832168,0.152785703396603,0.186301170191916,-0.0164671072659948,0.124599281387032
22831,0.135940427372627,-0.0405672167832168,0.154217403396603,0.186099215333547,-0.0162430517946789,0.124633241329415
22832,0.135940427372627,-0.0405672167832168,0.149922303396603,0.185897979395147,-0.0160198133139308,0.124667104318966
22833,0.138777627372627,-0.0338262167832168,0.147058903396603,0.185697468926336,-0.0157974000893062,0.124700874135444
22834,0.147289227372627,-0.0257370167832168,0.141332103396603,0.185497690208524,-0.0155758205084946,0.124734554698160
22835,0.156510127372627,-0.0149514167832168,0.128446803396603,0.185298649276847,-0.0153550830527495,0.124768150042053
22836,0.169986827372627,-0.00281761678321678,0.119856603396603,0.185100351960211,-0.0151351962529502,0.124801664279437
22837,0.179917027372627,0.00931618321678322,0.111266403396603,0.184902803936289,-0.0149161686340181,0.124835101549378
22838,0.191975127372627,0.0160571832167832,0.101244503396603,0.184706010794096,-0.0146980086542079,0.124868465964608
22839,0.199068127372627,0.0214499832167832,0.0983811033966034,0.184509978096566,-0.0144807246495142,0.124901761562389
22840,0.204033227372627,0.0214499832167832,0.0955177033966034,0.184314711436508,-0.0142643247925082,0.124934992263788
22841,0.206870427372627,0.0254945832167832,0.0940860033966034,0.184120216480312,-0.0140488170674645,0.124968161846295
22842,0.209707627372627,0.0281909832167832,0.0983811033966034,0.183926498998177,-0.0138342092552610,0.125001273929801
22843,0.207579727372627,0.0254945832167832,0.0969494033966034,0.183733564883561,-0.0136205089215331,0.125034331973936
22844,0.205451827372627,0.0241463832167832,0.0998128033966034,0.183541420162083,-0.0134077234108751,0.125067339282835
22845,0.200486727372627,0.0227981832167832,0.0998128033966034,0.183350070988431,-0.0131958598508152,0.125100299011381
22846,0.196230927372627,0.0201017832167832,0.105539603396603,0.183159523632723,-0.0129849251613714,0.125133214172439
22847,0.190556527372627,0.0201017832167832,0.111266403396603,0.182969784459765,-0.0127749260655345,0.125166087650025
22848,0.181335627372627,0.0120125832167832,0.114129803396603,0.182780859902668,-0.0125658691011423,0.125198922220879
22849,0.176370527372627,0.00527158321678322,0.116993203396603,0.182592756430094,-0.0123577606397323,0.125231720579002
22850,0.169986827372627,0.00122698321678322,0.122720003396603,0.182405480509818,-0.0121506069160988,0.125264485357235
22851,0.163603127372627,-0.00146941678321678,0.125583403396603,0.182219038573764,-0.011944414061103,0.125297219147839
22852,0.159347327372627,-0.00686221678321678,0.125583403396603,0.182033436985478,-0.0117391881288912,0.125329924523082
22853,0.159347327372627,-0.0095586167832168,0.131310203396603,0.181848682011519,-0.0115349351199172,0.125362604051871
22854,0.155091527372627,-0.0109068167832168,0.129878503396603,0.181664779801175,-0.0113316610025626,0.125395260312918
22855,0.155091527372627,-0.0122550167832168,0.132741903396603,0.181481736373519,-0.0111293717305613,0.125427895906426
22856,0.155091527372627,-0.0136032167832168,0.131310203396603,0.181299557608138,-0.0109280732548314,0.125460513462316
22857,0.155800827372627,-0.0136032167832168,0.132741903396603,0.181118249240511,-0.0107277715320422,0.125493115644495
22858,0.157928727372627,-0.0136032167832168,0.135605303396603,0.180937816863262,-0.0105284725308486,0.125525705154137
22859,0.163603127372627,-0.0095586167832168,0.134173603396603,0.180758265933526,-0.0103301822339289,0.125558284734942
22860,0.167149627372627,-0.00686221678321678,0.134173603396603,0.180579601788402,-0.0101329066330327,0.125590857178395
22861,0.170696127372627,-0.00551401678321678,0.135605303396603,0.180401829667013,-0.00993665171750616,0.125623425325561
22862,0.171405427372627,-0.00416581678321678,0.132741903396603,0.180224954732552,-0.00974142346187944,0.125655992066912
22863,0.176370527372627,-0.000121216783216783,0.128446803396603,0.180048982090177,-0.0095472278157766,0.125688560339169
22864,0.180626327372627,0.00122698321678322,0.127015103396603,0.179873916803898,-0.00935407069335463,0.125721133114752
22865,0.183463527372627,0.00661978321678322,0.122720003396603,0.179699763916911,-0.0091619579599428,0.125753713385766
22866,0.187010027372627,0.00661978321678322,0.121288303396603,0.179526528473627,-0.00897089541681415,0.125786304147516
22867,0.188428627372627,0.00931618321678322,0.115561503396603,0.179354215539495,-0.00878088878688222,0.125818908382000
22868,0.189847227372627,0.0120125832167832,0.108403003396603,0.179182830217149,-0.00859194370318567,0.125851529037961
22869,0.188428627372627,0.0147089832167832,0.106971303396603,0.179012377657647,-0.00840406569783262,0.125884169004988
22870,0.189847227372627,0.0174053832167832,0.102676203396603,0.178842863066071,-0.00821726018907673,0.125916831086643
22871,0.189137927372627,0.0187535832167832,0.101244503396603,0.178674291703695,-0.00803153246792181,0.125949517979016
22872,0.187010027372627,0.0214499832167832,0.0983811033966034,0.178506668888676,-0.00784688768611729,0.125982232254229
22873,0.184172827372627,0.0214499832167832,0.0983811033966034,0.178339999993069,-0.00766333084601011,0.126014976346908
22874,0.182044927372627,0.0201017832167832,0.0998128033966034,0.178174290434195,-0.00748086679364981,0.126047752545099
22875,0.174242627372627,0.0160571832167832,0.104107903396603,0.178009545660866,-0.00729950021887161,0.126080562989099
22876,0.165731027372627,0.0106643832167832,0.114129803396603,0.177845771131525,-0.00711923566561651,0.126113409682649
22877,0.155800827372627,-0.00146941678321678,0.119856603396603,0.177682972279875,-0.00694007755481654,0.126146294519449
22878,0.145161327372627,-0.0122550167832168,0.131310203396603,0.177521154469248,-0.00676203022310418,0.126179219322042
22879,0.138777627372627,-0.0216924167832168,0.139900403396603,0.177360322941571,-0.00658509797594919,0.126212185887607
22880,0.130975327372627,-0.0284334167832168,0.148490603396603,0.177200482768048,-0.0064092851449797,0.126245196037720
22881,0.130975327372627,-0.0297816167832168,0.149922303396603,0.177041638807912,-0.00623459613738194,0.126278251666133
22882,0.131684627372627,-0.0297816167832168,0.154217403396603,0.176883795680896,-0.00606103546946352,0.126311354775670
22883,0.133103227372627,-0.0284334167832168,0.151354003396603,0.176726957756598,-0.0058886077825178,0.126344507500791
22884,0.135940427372627,-0.0270852167832168,0.151354003396603,0.176571129157067,-0.00571731784564525,0.126377712117297
22885,0.139486927372627,-0.0257370167832168,0.151354003396603,0.176416313766733,-0.00554717055205025,0.126410971042640
22886,0.143033427372627,-0.0203442167832168,0.147058903396603,0.176262515247475,-0.0053781709116068,0.126444286831787
22887,0.145161327372627,-0.0189960167832168,0.142763803396603,0.176109737056869,-0.00521032403876191,0.126477662168630
22888,0.147998527372627,-0.0149514167832168,0.138468703396603,0.175957982466186,-0.00504363513670795,0.126511099849483
22889,0.150835727372627,-0.0109068167832168,0.132741903396603,0.175807254576664,-0.00487810948061733,0.126544602760155
22890,0.152963627372627,-0.00686221678321678,0.128446803396603,0.17565755633505,-0.00471375239947408,0.126578173850057
22891,0.153672927372627,-0.00281761678321678,0.128446803396603,0.175508890548143,-0.00455056925557098,0.126611816106797
22892,0.155091527372627,0.00122698321678322,0.122720003396603,0.175361259894406,-0.00438856542306901,0.126645532535726
22893,0.154382227372627,0.00122698321678322,0.119856603396603,0.175214666931888,-0.00422774626794717,0.126679326142939
22894,0.152254327372627,0.00122698321678322,0.115561503396603,0.175069114101977,-0.00406811713353291,0.126713199916302
22895,0.152254327372627,-0.00281761678321678,0.118424903396603,0.174924603728011,-0.00390968333580353,0.126747156806474
22896,0.150126427372627,0.00122698321678322,0.114129803396603,0.174781138010442,-0.00375245016706183,0.126781199714363
22897,0.146579927372627,0.00122698321678322,0.114129803396603,0.174638719020293,-0.00359642289960508,0.126815331484014
22898,0.145161327372627,-0.000121216783216783,0.114129803396603,0.174497348689409,-0.00344160678426586,0.126849554895990
22899,0.145161327372627,0.00122698321678322,0.115561503396603,0.174357028799004,-0.00328800704848056,0.126883872662742
22900,0.145870627372627,0.00122698321678322,0.116993203396603,0.174217760972109,-0.00313562889667923,0.126918287429399
22901,0.145161327372627,-0.000121216783216783,0.115561503396603,0.1740795466719,-0.0029844775106687,0.126952801778036
22902,0.150126427372627,0.00257518321678322,0.115561503396603,0.173942387204182,-0.00283455805000892,0.126987418230446
22903,0.155091527372627,0.00122698321678322,0.118424903396603,0.173806283726234,-0.00268587565191699,0.127022139248446
22904,0.157219427372627,0.00257518321678322,0.115561503396603,0.173671237264717,-0.00253843542976749,0.127056967235166
22905,0.157928727372627,0.00257518321678322,0.119856603396603,0.173537248736511,-0.00239224247158608,0.127091904537829
22906,0.158638027372627,-0.000121216783216783,0.122720003396603,0.173404318963666,-0.00224730183993295,0.127126953452496
22907,0.158638027372627,-0.00416581678321678,0.129878503396603,0.173272448681251,-0.00210361857643540,0.127162116236240
22908,0.156510127372627,-0.00686221678321678,0.134173603396603,0.173141638540535,-0.00196119771422865,0.127197395129200
22909,0.156510127372627,-0.0109068167832168,0.138468703396603,0.173011889108000,-0.0018200442959768,0.127232792382070
22910,0.154382227372627,-0.0136032167832168,0.141332103396603,0.172883200861168,-0.00168016339328374,0.127268310282614
22911,0.152254327372627,-0.0162996167832168,0.145627203396603,0.172755574182701,-0.00154156012563131,0.127303951178204
22912,0.149417127372627,-0.0230406167832168,0.147058903396603,0.172629009352050,-0.00140423967931057,0.127339717495405
22913,0.146579927372627,-0.0243888167832168,0.151354003396603,0.172503506533913,-0.00126820732867386,0.127375611757580
22914,0.142324127372627,-0.0230406167832168,0.149922303396603,0.172379065763993,-0.00113346845691429,0.127411636600018
22915,0.140196227372627,-0.0243888167832168,0.151354003396603,0.172255686932541,-0.00100002856845730,0.12744779478061
22916,0.139486927372627,-0.0216924167832168,0.147058903396603,0.172133369768145,-0.000867893292033125,0.127484089183612
22917,0.141614827372627,-0.0149514167832168,0.139900403396603,0.172012113826897,-0.000737068376758149,0.127520522813505
22918,0.145870627372627,-0.00551401678321678,0.131310203396603,0.171891918491601,-0.000607559676103506,0.127557098774529
22919,0.154382227372627,0.00527158321678322,0.121288303396603,0.171772782983955,-0.000479373114629339,0.127593820234877
22920,0.161475227372627,0.0201017832167832,0.108403003396603,0.171654706390934,-0.00035251463888148,0.127630690379032
22921,0.169277527372627,0.0295391832167832,0.0983811033966034,0.171537687702194,-0.000226990156640891,0.127667712351194
22922,0.174951927372627,0.0376283832167832,0.0940860033966034,0.171421725851385,-0.000102805472906584,0.127704889196242
22923,0.176370527372627,0.0389765832167832,0.0926543033966034,0.171306819754031,2.00337648168772e-05,0.127742223811075
22924,0.180626327372627,0.0403247832167832,0.0912226033966034,0.171192968336587,0.000141522103080994,0.127779718914737
22925,0.182754227372627,0.0389765832167832,0.0926543033966034,0.171080170557160,0.000261654300438479,0.127817377034371
22926,0.184882127372627,0.0403247832167832,0.0955177033966034,0.170968425422547,0.000380425332824749,0.127855200501547
22927,0.186300727372627,0.0389765832167832,0.0969494033966034,0.170857732003069,0.000497830393825334,0.127893191457003
22928,0.188428627372627,0.0389765832167832,0.102676203396603,0.170748089444701,0.000613864893554019,0.127931351861801
22929,0.189137927372627,0.0389765832167832,0.105539603396603,0.170639496979481,0.000728524456607332,0.127969683513440
22930,0.187719327372627,0.0349319832167832,0.112698103396603,0.170531953933708,0.00084180491862982,0.128008188066903
22931,0.187010027372627,0.0322355832167832,0.116993203396603,0.17042545973124,0.000953702318696548,0.128046867060155
22932,0.187719327372627,0.0295391832167832,0.121288303396603,0.170320013892125,0.00106421288565043,0.128085721942114
22933,0.182754227372627,0.0268427832167832,0.127015103396603,0.170215616029274,0.00117333302165367,0.128124754100125
22934,0.178498427372627,0.0227981832167832,0.131310203396603,0.170112265840711,0.00128105928574678,0.128163964886447
22935,0.177079827372627,0.0201017832167832,0.132741903396603,0.170009963094231,0.00138738837648419,0.128203355643744
22936,0.173533327372627,0.0187535832167832,0.137037003396603,0.169908707609353,0.00149231711411186,0.128242927726627
22937,0.169277527372627,0.0160571832167832,0.138468703396603,0.169808499240983,0.00159584242508070,0.128282682518739
22938,0.167149627372627,0.0120125832167832,0.138468703396603,0.169709337862584,0.00169796132843001,0.128322621446875
22939,0.162893827372627,0.0106643832167832,0.138468703396603,0.169611223348110,0.00179867092078198,0.12836274599016
22940,0.158638027372627,0.00796798321678322,0.138468703396603,0.169514155553695,0.0018979683604127,0.128403057683285
22941,0.156510127372627,0.00796798321678322,0.139900403396603,0.169418134298352,0.00199585085365897,0.128443558117276
22942,0.155091527372627,0.00661978321678322,0.139900403396603,0.169323159345650,0.00209231564505769,0.128484248941250
22943,0.153672927372627,0.00661978321678322,0.139900403396603,0.169229230390034,0.00218736001075225,0.128525131865155
22944,0.152963627372627,0.0106643832167832,0.138468703396603,0.169136347047800,0.00228098125563152,0.128566208661033
22945,0.152963627372627,0.0133607832167832,0.139900403396603,0.169044508850996,0.00237317671746067,0.128607481161799
22946,0.155800827372627,0.0160571832167832,0.134173603396603,0.168953715245000,0.00246394377893498,0.128648951258054
22947,0.158638027372627,0.0174053832167832,0.134173603396603,0.168863965592457,0.00255327988253515,0.128690620890930
22948,0.164312427372627,0.0214499832167832,0.128446803396603,0.168775259185288,0.00264118254399367,0.128732492039501
22949,0.169986827372627,0.0268427832167832,0.124151703396603,0.168687595264788,0.00272764936670030,0.128774566703746
22950,0.174951927372627,0.0322355832167832,0.121288303396603,0.168600973048325,0.00281267806170266,0.128816846883544
22951,0.183463527372627,0.0349319832167832,0.116993203396603,0.168515391760197,0.00289626647283634,0.128859334556199
22952,0.190556527372627,0.0389765832167832,0.111266403396603,0.168430850666405,0.00297841260139725,0.128902031654448
22953,0.194812327372627,0.0430211832167832,0.106971303396603,0.168347349112851,0.00305911462756293,0.128944940042493
22954,0.199777427372627,0.0457175832167832,0.102676203396603,0.168264886561567,0.00313837093042483,0.128988061489560
22955,0.203323927372627,0.0457175832167832,0.0983811033966034,0.168183462620813,0.00321618010616636,0.129031397643956
22956,0.204033227372627,0.0457175832167832,0.0969494033966034,0.168103077069299,0.00329254098019607,0.129074950009585
22957,0.202614627372627,0.0443693832167832,0.0969494033966034,0.168023729872799,0.00336745261137364,0.129118719927418
22958,0.198358827372627,0.0416729832167832,0.0983811033966034,0.167945421189248,0.00344091428972563,0.129162708565367
22959,0.189847227372627,0.0335837832167832,0.106971303396603,0.167868151359630,0.00351292552671954,0.129206916919519
22960,0.177789127372627,0.0214499832167832,0.119856603396603,0.167791920881953,0.00358348603204368,0.129251345832690
22961,0.167149627372627,0.0106643832167832,0.129878503396603,0.167716730367341,0.00365259567177106,0.12929599603521
22962,0.154382227372627,-0.00146941678321678,0.141332103396603,0.167642580483134,0.00372025441163228,0.129340868201545
22963,0.144452027372627,-0.00821041678321678,0.148490603396603,0.167569471890599,0.00378646225564037,0.129385963009872
22964,0.136649727372627,-0.0136032167832168,0.149922303396603,0.167497405183606,0.00385121919031089,0.129431281194243
22965,0.134521827372627,-0.0162996167832168,0.151354003396603,0.167426380835632,0.00391452514146111,0.129476823580923
22966,0.128847427372627,-0.0176478167832168,0.154217403396603,0.167356399160973,0.0039763799449852,0.129522591107918
22967,0.130266027372627,-0.0149514167832168,0.152785703396603,0.167287460289164,0.00403678333020849,0.129568584835599
22968,0.131684627372627,-0.0136032167832168,0.151354003396603,0.167219564150426,0.00409573491535532,0.129614805952386
22969,0.132393927372627,-0.0109068167832168,0.148490603396603,0.167152710472617,0.00415323421280245,0.129661255773006
22970,0.136649727372627,-0.00686221678321678,0.147058903396603,0.167086898787000,0.00420928063992768,0.129707935729836
22971,0.143033427372627,-0.00416581678321678,0.144195503396603,0.167022128440608,0.00426387353369119,0.129754847361271
22972,0.145870627372627,-0.00146941678321678,0.138468703396603,0.166958398616701,0.00431701216755301,0.129801992298119
22973,0.152254327372627,0.00527158321678322,0.134173603396603,0.166895708360594,0.00436869576932965,0.129849372245047
22974,0.157928727372627,0.0106643832167832,0.128446803396603,0.166834056606959,0.00441892354278354,0.129896988956093
22975,0.163603127372627,0.0133607832167832,0.127015103396603,0.166773442209315,0.0044676946943421,0.129944844208199
22976,0.168568227372627,0.0187535832167832,0.122720003396603,0.166713863971485,0.00451500845982484,0.129992939777710
22977,0.171405427372627,0.0201017832167832,0.119856603396603,0.166655320677563,0.00456086412745378,0.130041277420826
22978,0.172114727372627,0.0201017832167832,0.118424903396603,0.166597811116500,0.00460526105621585,0.130089858856033
22979,0.173533327372627,0.0201017832167832,0.116993203396603,0.166541334098591,0.00464819868678391,0.130138685748999
22980,0.174242627372627,0.0201017832167832,0.118424903396603,0.166485888465104,0.00468967654499616,0.130187759702421
22981,0.172114727372627,0.0160571832167832,0.114129803396603,0.166431473093731,0.00472969424068773,0.130237082250313
22982,0.168568227372627,0.0187535832167832,0.114129803396603,0.166378086898411,0.00476825146280548,0.130286654852301
22983,0.166440327372627,0.0174053832167832,0.112698103396603,0.166325728821051,0.00480534797406537,0.130336478885432
22984,0.162184527372627,0.0174053832167832,0.109834703396603,0.166274397817373,0.00484098360887695,0.130386555635501
22985,0.160765927372627,0.0147089832167832,0.111266403396603,0.166224092840791,0.00487515827174165,0.130436886288865
22986,0.156510127372627,0.0160571832167832,0.111266403396603,0.166174812826279,0.00490787193286547,0.130487471926226
22987,0.155091527372627,0.0160571832167832,0.112698103396603,0.166126556674732,0.00493912462377975,0.130538313521372
22988,0.152963627372627,0.0147089832167832,0.114129803396603,0.166079323238292,0.00496891643576368,0.130589411944355
22989,0.152963627372627,0.0147089832167832,0.118424903396603,0.166033111308370,0.00499724751874035,0.130640767968133
22990,0.152254327372627,0.0106643832167832,0.122720003396603,0.165987919607819,0.00502411807738739,0.130692382280645
22991,0.147998527372627,0.0106643832167832,0.125583403396603,0.165943746785316,0.00504952836353084,0.130744255502829
22992,0.145870627372627,0.00527158321678322,0.129878503396603,0.16590059140679,0.00507347866528799,0.130796388209093
22993,0.146579927372627,0.00122698321678322,0.134173603396603,0.165858451943174,0.0050959692924934,0.130848780947804
22994,0.145161327372627,-0.000121216783216783,0.142763803396603,0.165817326760600,0.00511700055794269,0.130901434264233
22995,0.144452027372627,-0.00281761678321678,0.147058903396603,0.165777214115488,0.00513657275864438,0.130954348729436
22996,0.143742727372627,-0.00551401678321678,0.152785703396603,0.165738112150856,0.00515468616080456,0.131007524973097
22997,0.144452027372627,-0.00551401678321678,0.154217403396603,0.165700018892619,0.00517134098714761,0.131060963713882
22998,0.145161327372627,-0.00551401678321678,0.154217403396603,0.165662932248091,0.00518653740703857,0.131114665781895
22999,0.150126427372627,-0.00146941678321678,0.154217403396603,0.165626850009138,0.00520027553313194,0.131168632130740
23000,0.155800827372627,0.00257518321678322,0.148490603396603,0.165591769863402,0.00521255542734048,0.131222863839205
23001,0.163603127372627,0.0120125832167832,0.142763803396603,0.165557689416549,0.00522337711798637,0.131277362101568
23002,0.172114727372627,0.0201017832167832,0.131310203396603,0.165524606225041,0.00523274062953162,0.131332128203565
23003,0.178498427372627,0.0281909832167832,0.121288303396603,0.165492517836006,0.00524064602302521,0.131387163483026
23004,0.187010027372627,0.0430211832167832,0.111266403396603,0.165461421829555,0.00524709344354231,0.131442469278652
23005,0.189137927372627,0.0470657832167832,0.104107903396603,0.165431315859131,0.00525208317321866,0.13149804687482
23006,0.189137927372627,0.0497621832167832,0.0983811033966034,0.165402197684013,0.00525561568243066,0.131553897450854
23007,0.189137927372627,0.0484139832167832,0.0969494033966034,0.165374065187858,0.00525769166468759,0.131610022040168
23008,0.188428627372627,0.0484139832167832,0.0969494033966034,0.165346916384493,0.00525831205104562,0.131666421502767
23009,0.187719327372627,0.0470657832167832,0.0955177033966034,0.165320749417579,0.00525747801195871,0.131723096511089
23010,0.181335627372627,0.0457175832167832,0.0969494033966034,0.165295562556112,0.00525519095401601,0.131780047544260
23011,0.179917027372627,0.0403247832167832,0.0998128033966034,0.165271354182806,0.00525145251296251,0.131837274887282
23012,0.176370527372627,0.0376283832167832,0.0998128033966034,0.165248122776594,0.0052462645406749,0.131894778635664
23013,0.174242627372627,0.0362801832167832,0.105539603396603,0.165225866895131,0.0052396290874896,0.131952558704501
23014,0.172114727372627,0.0295391832167832,0.109834703396603,0.165204585159728,0.00523154838453866,0.132010614841998
23015,0.170696127372627,0.0295391832167832,0.115561503396603,0.165184276242252,0.00522202482609377,0.132068946649921
23016,0.167149627372627,0.0281909832167832,0.118424903396603,0.165164938853486,0.00521106095238374,0.132127553608981
23017,0.168568227372627,0.0254945832167832,0.121288303396603,0.165146571732215,0.00519865943707607,0.132186435103239
23018,0.168568227372627,0.0254945832167832,0.124151703396603,0.165129173637251,0.00518482307849111,0.132245590440051
23019,0.168568227372627,0.0241463832167832,0.125583403396603,0.165112743345086,0.00516955479175543,0.132305018866060
23020,0.168568227372627,0.0254945832167832,0.128446803396603,0.165097279650723,0.00515285760329116,0.132364719580712
23021,0.169277527372627,0.0227981832167832,0.134173603396603,0.165082781368498,0.00513473464810666,0.132424691749773
23022,0.169277527372627,0.0214499832167832,0.135605303396603,0.165069247333151,0.0051151891666297,0.132484934522304
23023,0.168568227372627,0.0174053832167832,0.134173603396603,0.165056676401127,0.00509422449735794,0.132545447048129
23024,0.167858927372627,0.0160571832167832,0.137037003396603,0.165045067450405,0.00507184406486147,0.132606228488379
23025,0.167149627372627,0.0160571832167832,0.135605303396603,0.165034419378122,0.00504805136686185,0.132667278019610
23026,0.165731027372627,0.0160571832167832,0.137037003396603,0.165024731096713,0.00502284996550947,0.132728594836432
23027,0.163603127372627,0.0160571832167832,0.138468703396603,0.165016001528587,0.00499624348425578,0.132790178154136
23028,0.160765927372627,0.0133607832167832,0.135605303396603,0.165008229598091,0.00496823560659578,0.132852027211327
23029,0.157928727372627,0.0147089832167832,0.134173603396603,0.165001414220047,0.00493883007295582,0.132914141269581
23030,0.155800827372627,0.0133607832167832,0.131310203396603,0.164995554285834,0.00490803067665797,0.132976519606672
23031,0.155800827372627,0.0133607832167832,0.128446803396603,0.164990648649955,0.00487584126128895,0.133039161504864
23032,0.155800827372627,0.0187535832167832,0.124151703396603,0.164986696120754,0.00484226572087023,0.133102066236223
23033,0.159347327372627,0.0227981832167832,0.118424903396603,0.164983695457757,0.00480730800748551,0.133165233043977
23034,0.160765927372627,0.0254945832167832,0.115561503396603,0.164981645376341,0.00477097214869329,0.133228661119426
23035,0.160765927372627,0.0295391832167832,0.112698103396603,0.164980544557065,0.00473326226867192,0.133292349577861
23036,0.166440327372627,0.0335837832167832,0.106971303396603,0.164980391655474,0.00469418260844104,0.133356297436948
23037,0.169986827372627,0.0389765832167832,0.106971303396603,0.164981185314357,0.00465373754702183,0.133420503596604
23038,0.173533327372627,0.0430211832167832,0.0998128033966034,0.164982924182116,0.00461193162539836,0.133484966819361
23039,0.175661227372627,0.0443693832167832,0.0969494033966034,0.164985606933587,0.00456876957095216,0.133549685710228
23040,0.176370527372627,0.0443693832167832,0.0940860033966034,0.164989232287418,0.00452425631678267,0.133614658694585
23041,0.176370527372627,0.0430211832167832,0.0969494033966034,0.164993799017568,0.0044783970117233,0.133679883999036
23042,0.171405427372627,0.0389765832167832,0.102676203396603,0.164999305957210,0.00443119702058732,0.133745359644621
23043,0.165021727372627,0.0335837832167832,0.112698103396603,0.165005751991352,0.00438266191464375,0.133811083458817
23044,0.157928727372627,0.0241463832167832,0.122720003396603,0.165013136035499,0.00433279745092625,0.133877053107315
23045,0.145870627372627,0.0120125832167832,0.131310203396603,0.165021457001565,0.0042816095380471,0.133943266140134
23046,0.139486927372627,0.00392338321678322,0.142763803396603,0.165030713753745,0.00422910418851617,0.134009720043663
23047,0.135940427372627,-0.00281761678321678,0.149922303396603,0.165040905061435,0.00417528746548006,0.1340764122937
23048,0.130266027372627,-0.0095586167832168,0.151354003396603,0.165052029559988,0.00412016543459011,0.134143340404523
23049,0.125300927372627,-0.0109068167832168,0.149922303396603,0.165064085720774,0.00406374412518953,0.134210501963627
23050,0.123173027372627,-0.0122550167832168,0.149922303396603,0.165077071824663,0.00400602950221658,0.134277894646192
23051,0.123173027372627,-0.0136032167832168,0.148490603396603,0.165090985939666,0.00394702744975476,0.134345516215693
23052,0.121754427372627,-0.0122550167832168,0.148490603396603,0.165105825907150,0.003886743762971,0.134413364520073
23053,0.121045127372627,-0.0109068167832168,0.145627203396603,0.165121589334897,0.00382518414564803,0.134481437486918
23054,0.121045127372627,-0.00686221678321678,0.141332103396603,0.165138273592374,0.00376235421424226,0.134549733115663
23055,0.122463727372627,-0.00416581678321678,0.138468703396603,0.165155875807699,0.00369825950893268,0.134618249463868
23056,0.125300927372627,0.00122698321678322,0.132741903396603,0.165174392869025,0.00363290551026388,0.134686984628053
23057,0.128847427372627,0.00661978321678322,0.128446803396603,0.165193821432279,0.00356629766045211,0.134755936721068
23058,0.134521827372627,0.0133607832167832,0.125583403396603,0.165214157935756,0.00349844138981979,0.134825103847488
23059,0.138068327372627,0.0174053832167832,0.121288303396603,0.165235398620834,0.00342934214742740,0.134894484079991
23060,0.142324127372627,0.0201017832167832,0.121288303396603,0.165257539555866,0.00335900543124664,0.134964075439203
23061,0.146579927372627,0.0214499832167832,0.119856603396603,0.165280576659826,0.00328743681228766,0.135033875878474
23062,0.150126427372627,0.0227981832167832,0.115561503396603,0.165304505724963,0.00321464195081801,0.135103883273120
23063,0.152254327372627,0.0254945832167832,0.115561503396603,0.165329322438236,0.00314062660746684,0.135174095409645
23064,0.155091527372627,0.0254945832167832,0.115561503396603,0.165355022399791,0.00306539665293905,0.135244509974483
23065,0.155800827372627,0.0254945832167832,0.114129803396603,0.165381601137773,0.0029889580763394,0.135315124546686
23066,0.160056627372627,0.0227981832167832,0.112698103396603,0.165409054120671,0.00291131698884735,0.135385936593578
23067,0.159347327372627,0.0227981832167832,0.114129803396603,0.165437376768933,0.00283247962134586,0.135456943465917
23068,0.161475227372627,0.0227981832167832,0.112698103396603,0.165466564465345,0.0027524523192632,0.135528142394041
23069,0.160056627372627,0.0227981832167832,0.115561503396603,0.165496612561981,0.00267124153928374,0.135599530486985
23070,0.160056627372627,0.0187535832167832,0.116993203396603,0.165527516382978,0.00258885384746221,0.135671104735046
23071,0.158638027372627,0.0174053832167832,0.116993203396603,0.165559271223636,0.00250529591361957,0.135742862015827
23072,0.157928727372627,0.0160571832167832,0.116993203396603,0.16559187234682,0.00242057450108957,0.135814799100260
23073,0.153672927372627,0.0133607832167832,0.122720003396603,0.165625314976901,0.00233469645600605,0.135886912657159
23074,0.148707827372627,0.00931618321678322,0.127015103396603,0.165659594288560,0.00224766869659674,0.135959199262709
23075,0.144452027372627,0.00392338321678322,0.129878503396603,0.165694705387978,0.00215949819829302,0.136031655418858
23076,0.140905527372627,0.00122698321678322,0.138468703396603,0.16573064328914,0.00207019197325897,0.136104277576647
23077,0.138777627372627,-0.00416581678321678,0.142763803396603,0.165767402890852,0.00197975704759860,0.136177062163007
23078,0.135231127372627,-0.00686221678321678,0.144195503396603,0.165804978957442,0.00188820043903506,0.136250005610022
23079,0.130266027372627,-0.0095586167832168,0.149922303396603,0.165843366101161,0.00179552913599287,0.136323104380239
23080,0.129556727372627,-0.0109068167832168,0.152785703396603,0.165882558763362,0.00170175007994548,0.136396354987028
23081,0.129556727372627,-0.0109068167832168,0.154217403396603,0.165922551197384,0.00160687015289057,0.136469754013958
23082,0.132393927372627,-0.0095586167832168,0.152785703396603,0.165963337459762,0.00151089617088431,0.136543298130214
23083,0.138068327372627,-0.00416581678321678,0.151354003396603,0.166004911413191,0.00141383488549675,0.136616984096619
23084,0.143033427372627,0.00796798321678322,0.144195503396603,0.166047266741489,0.00131569299831003,0.136690808760776
23085,0.152254327372627,0.0174053832167832,0.135605303396603,0.166090396975087,0.00121647719451213,0.136764769039359
23086,0.166440327372627,0.0308873832167832,0.125583403396603,0.166134295527534,0.00111619419418922,0.136838861885067
23087,0.176370527372627,0.0389765832167832,0.118424903396603,0.166178955746218,0.00101485081247031,0.136913084241725
23088,0.184882127372627,0.0497621832167832,0.109834703396603,0.166224370972619,0.000912454020143406,0.136987432995904
23089,0.191975127372627,0.0538067832167832,0.105539603396603,0.16627053459963,0.000809010999155983,0.137061904931527
23090,0.194103027372627,0.0565031832167832,0.102676203396603,0.166317440118094,0.000704529187878069,0.137136496691379
23091,0.194103027372627,0.0538067832167832,0.101244503396603,0.166365081149369,0.000599016310540855,0.137211204749012
23092,0.194103027372627,0.0538067832167832,0.102676203396603,0.166413451462222,0.000492480388988327,0.137286025392018
23093,0.191975127372627,0.0497621832167832,0.104107903396603,0.166462544977211,0.000384929741397871,0.137360954715675
23094,0.188428627372627,0.0457175832167832,0.106971303396603,0.166512355762996,0.000276372973091378,0.137435988625509
23095,0.184172827372627,0.0403247832167832,0.108403003396603,0.166562878025287,0.000166818960367994,0.137511122845776
23096,0.178498427372627,0.0376283832167832,0.112698103396603,0.166614106088441,5.62768287552604e-05,0.137586352930913
23097,0.173533327372627,0.0335837832167832,0.114129803396603,0.16666603437118,-5.52440696654269e-05,0.137661674278968
23098,0.169277527372627,0.0295391832167832,0.121288303396603,0.166718657359114,-0.000167734177065516,0.137737082147503
23099,0.164312427372627,0.0214499832167832,0.128446803396603,0.166771969577269,-0.000281183751601777,0.137812571674927
23100,0.159347327372627,0.0214499832167832,0.131310203396603,0.166825965563581,-0.000395582892868213,0.137888137909257
23101,0.157928727372627,0.0147089832167832,0.134173603396603,0.166880639843377,-0.00051092156734266,0.137963775837857
23102,0.156510127372627,0.0133607832167832,0.134173603396603,0.166935986908002,-0.000627189630103366,0.138039480409275
23103,0.154382227372627,0.0106643832167832,0.137037003396603,0.16699200120032,-0.0007443768437468,0.138115246546169
23104,0.156510127372627,0.0106643832167832,0.138468703396603,0.167048677105581,-0.00086247289357554,0.138191069154286
23105,0.156510127372627,0.0106643832167832,0.138468703396603,0.167106008947197,-0.000981467396728319,0.138266943130943
23106,0.159347327372627,0.00796798321678322,0.139900403396603,0.167163990988388,-0.00110134990664908,0.138342863372025
23107,0.159347327372627,0.00796798321678322,0.139900403396603,0.167222617437985,-0.00122210991708546,0.138418824776509
23108,0.162184527372627,0.00796798321678322,0.142763803396603,0.167281882457711,-0.00134373686701359,0.138494822250494
23109,0.165731027372627,0.00931618321678322,0.139900403396603,0.167341780170913,-0.00146622014323,0.138570850711728
23110,0.166440327372627,0.00661978321678322,0.144195503396603,0.16740230467424,-0.00158954907967964,0.138646905093140
23111,0.166440327372627,0.00392338321678322,0.141332103396603,0.167463450049562,-0.00171371295864147,0.138722980345392
23112,0.168568227372627,0.00527158321678322,0.139900403396603,0.167525210371716,-0.00183870101703102,0.138799071437935
23113,0.169277527372627,0.00392338321678322,0.137037003396603,0.167587579713559,-0.00196450245316386,0.138875173354638
23114,0.167149627372627,0.00661978321678322,0.135605303396603,0.167650552150523,-0.00209110642885863,0.138951281083479
23115,0.170696127372627,0.00796798321678322,0.128446803396603,0.167714121762970,-0.00221850206641393,0.139027389602773
23116,0.171405427372627,0.00796798321678322,0.122720003396603,0.167778282638289,-0.00234667844185605,0.139103493861466
23117,0.173533327372627,0.0106643832167832,0.122720003396603,0.167843028876915,-0.0024756245772511,0.139179588753013
23118,0.175661227372627,0.0147089832167832,0.118424903396603,0.167908354601285,-0.00260532943208162,0.139255669091212
23119,0.173533327372627,0.0160571832167832,0.112698103396603,0.167974253964293,-0.0027357818904286,0.139331729591501
23120,0.175661227372627,0.0174053832167832,0.108403003396603,0.168040721154326,-0.00286697074582132,0.139407764850260
23121,0.175661227372627,0.0201017832167832,0.106971303396603,0.168107750397096,-0.00299888468841099,0.139483769320162
23122,0.177079827372627,0.0227981832167832,0.106971303396603,0.168175335957976,-0.00313151229353717,0.139559737289487
23123,0.173533327372627,0.0227981832167832,0.104107903396603,0.168243472144561,-0.003264842009359,0.139635662869829
23124,0.170696127372627,0.0214499832167832,0.106971303396603,0.168312153304094,-0.00339886214681038,0.139711539989254
23125,0.167149627372627,0.0174053832167832,0.111266403396603,0.168381373812557,-0.00353356087746655,0.139787362390890
23126,0.160765927372627,0.0106643832167832,0.115561503396603,0.168451128056899,-0.00366892624258108,0.139863123641898
23127,0.152254327372627,0.00257518321678322,0.128446803396603,0.168521410410401,-0.00380494617469035,0.13993881715531
23128,0.143742727372627,-0.0095586167832168,0.138468703396603,0.168592215198491,-0.00394160853225094,0.140014436226686
23129,0.134521827372627,-0.0176478167832168,0.147058903396603,0.168663536655728,-0.00407890114591344,0.140089974084627
23130,0.128847427372627,-0.0216924167832168,0.152785703396603,0.168735368879119,-0.00421681186898309,0.140165423944249
23131,0.126719527372627,-0.0243888167832168,0.155649103396603,0.168807705785347,-0.00435532861949605,0.140240779051757
23132,0.125300927372627,-0.0243888167832168,0.158512503396603,0.168880541079507,-0.00449443940692775,0.14031603271617
23133,0.127428827372627,-0.0270852167832168,0.157080803396603,0.168953868238053,-0.00463413234632657,0.140391178329175
23134,0.128847427372627,-0.0257370167832168,0.152785703396603,0.169027680503983,-0.00477439566592602,0.140466209373115
23135,0.131684627372627,-0.0284334167832168,0.152785703396603,0.16910197089109,-0.00491521771196,0.14054111941662
23136,0.135231127372627,-0.0270852167832168,0.149922303396603,0.169176732194088,-0.00505658695207824,0.140615902103315
23137,0.133812527372627,-0.0257370167832168,0.147058903396603,0.169251957001181,-0.00519849197689615,0.140690551140033
23138,0.138068327372627,-0.0243888167832168,0.144195503396603,0.169327637704921,-0.00534092149735132,0.140765060284042
23139,0.140196227372627,-0.0243888167832168,0.139900403396603,0.169403766511346,-0.00548386433833233,0.140839423327305
23140,0.140905527372627,-0.0203442167832168,0.134173603396603,0.169480335450825,-0.00562730943137333,0.140913634077278
23141,0.142324127372627,-0.0176478167832168,0.132741903396603,0.169557336388910,-0.00577124580501798,0.140987686334252
23142,0.144452027372627,-0.0162996167832168,0.128446803396603,0.169634761034485,-0.00591566257099006,0.141061573868694
23143,0.145870627372627,-0.0136032167832168,0.128446803396603,0.169712600947423,-0.00606054890943029,0.141135290402538
23144,0.144452027372627,-0.0122550167832168,0.127015103396603,0.169790847546245,-0.00620589405599286,0.141208829595437
23145,0.145161327372627,-0.0109068167832168,0.125583403396603,0.169869492112338,-0.0063516872903361,0.141282185035446
23146,0.147289227372627,-0.00821041678321678,0.125583403396603,0.169948525791000,-0.0064979179255419,0.141355350232194
23147,0.150126427372627,-0.00551401678321678,0.125583403396603,0.170027939594917,-0.00664457529706699,0.141428318611533
23148,0.150835727372627,-0.00551401678321678,0.124151703396603,0.170107724412796,-0.006791648750295,0.141501083512164
23149,0.150835727372627,-0.00416581678321678,0.124151703396603,0.170187871018966,-0.00693912762948305,0.141573638182768
23150,0.152963627372627,-0.00416581678321678,0.127015103396603,0.170268370079798,-0.0070870012704307,0.141645975779620
23151,0.155091527372627,-0.00416581678321678,0.125583403396603,0.170349212158892,-0.00723525899594032,0.141718089367676
23152,0.157219427372627,-0.00281761678321678,0.125583403396603,0.170430387724966,-0.00738389011267205,0.141789971923632
23153,0.160056627372627,-0.000121216783216783,0.125583403396603,0.170511887162675,-0.00753288390706542,0.141861616336512
23154,0.161475227372627,-0.00416581678321678,0.128446803396603,0.170593700784653,-0.00768222963939658,0.141933015407277
23155,0.163603127372627,-0.00551401678321678,0.128446803396603,0.170675818843313,-0.00783191654155822,0.142004161851886
23156,0.162893827372627,-0.0095586167832168,0.131310203396603,0.170758231540685,-0.00798193382368399,0.142075048307824
23157,0.162184527372627,-0.0136032167832168,0.137037003396603,0.170840929034080,-0.00813227068775486,0.142145667343598
23158,0.159347327372627,-0.0149514167832168,0.142763803396603,0.170923901435641,-0.00828291634446302,0.142216011475156
23159,0.157928727372627,-0.0176478167832168,0.148490603396603,0.171007138805758,-0.00843386002960825,0.142286073191206
23160,0.157219427372627,-0.0203442167832168,0.152785703396603,0.171090631143304,-0.00858509101769905,0.142355844982993
23161,0.152963627372627,-0.0257370167832168,0.157080803396603,0.171174368375619,-0.00873659863555222,0.142425319373076
23162,0.147998527372627,-0.0284334167832168,0.159944203396603,0.171258340346050,-0.00888837227961545,0.142494488940658
23163,0.145870627372627,-0.0324780167832168,0.162807603396603,0.171342536795601,-0.00904040143608214,0.142563346342957
23164,0.143033427372627,-0.0338262167832168,0.168534403396603,0.171426947342143,-0.00919267570007344,0.142631884334103
23165,0.142324127372627,-0.0351744167832168,0.165671003396603,0.171511561463045,-0.00934518479109415,0.142700095783058
23166,0.145161327372627,-0.0338262167832168,0.162807603396603,0.171596368484175,-0.00949791856290008,0.142767973685097
23167,0.150126427372627,-0.0284334167832168,0.158512503396603,0.171681357578939,-0.00965086700498338,0.142835511158963
23168,0.157219427372627,-0.0203442167832168,0.149922303396603,0.171766517781045,-0.00980402023101988,0.142902701429681
23169,0.167858927372627,-0.00821041678321678,0.138468703396603,0.171851838011467,-0.00995736845008816,0.142969537798516
23170,0.175661227372627,0.00257518321678322,0.129878503396603,0.171937307117901,-0.0101109019206604,0.143036013599096
23171,0.186300727372627,0.0120125832167832,0.122720003396603,0.172022913922304,-0.0102646108934177,0.143102122145616
23172,0.191265827372627,0.0214499832167832,0.118424903396603,0.17210864727015,-0.0104184855522022,0.143167856684518
23173,0.198358827372627,0.0254945832167832,0.118424903396603,0.172194496075762,-0.0105725159600897,0.143233210357529
23174,0.201905327372627,0.0268427832167832,0.118424903396603,0.172280449360542,-0.0107266920161700,0.14329817617955
23175,0.204033227372627,0.0308873832167832,0.118424903396603,0.17236649628336,-0.0108810034267599,0.143362747029886
23176,0.204033227372627,0.0322355832167832,0.122720003396603,0.172452626161881,-0.0110354396868590,0.143426915651887
23177,0.204033227372627,0.0322355832167832,0.122720003396603,0.172538828483846,-0.0111899900657943,0.143490674658526
23178,0.204033227372627,0.0268427832167832,0.125583403396603,0.172625092910763,-0.0113446435993832,0.143554016541932
23179,0.202614627372627,0.0241463832167832,0.129878503396603,0.172711409277672,-0.0114993890942009,0.143616933684409
23180,0.199068127372627,0.0241463832167832,0.132741903396603,0.172797767589490,-0.0116542151411597,0.143679418372426
23181,0.198358827372627,0.0174053832167832,0.138468703396603,0.172884158012441,-0.0118091101300185,0.143741462815060
23182,0.195521627372627,0.0120125832167832,0.144195503396603,0.17297057086232,-0.0119640622652889,0.143803059166387
23183,0.191265827372627,0.00661978321678322,0.145627203396603,0.173056996591764,-0.0121190595895902,0.14386419955086
23184,0.186300727372627,0.00122698321678322,0.147058903396603,0.173143425774098,-0.0122740900125918,0.143924876086199
23185,0.184882127372627,-0.00416581678321678,0.151354003396603,0.173229849082525,-0.0124291413404204,0.143985080899372
23186,0.181335627372627,-0.00686221678321678,0.154217403396603,0.173316257269319,-0.0125842013036706,0.144044806140107
23187,0.176370527372627,-0.0109068167832168,0.152785703396603,0.173402641147465,-0.0127392575821557,0.144104043995387
23188,0.177079827372627,-0.0109068167832168,0.154217403396603,0.173488991572545,-0.0128942978245376,0.144162786700002
23189,0.175661227372627,-0.0136032167832168,0.154217403396603,0.173575299427073,-0.0130493096623690,0.144221026540669
23190,0.173533327372627,-0.0136032167832168,0.157080803396603,0.173661555610710,-0.0132042807194800,0.144278755858675
23191,0.173533327372627,-0.0149514167832168,0.157080803396603,0.173747751033174,-0.0133591986185709,0.144335967054994
23192,0.174242627372627,-0.0162996167832168,0.155649103396603,0.173833876607883,-0.0135140509864090,0.144392652595901
23193,0.173533327372627,-0.0136032167832168,0.155649103396603,0.173919923248785,-0.0136688254576286,0.144448805014634
23194,0.176370527372627,-0.0176478167832168,0.154217403396603,0.174005881870618,-0.0138235096762029,0.144504416908608
23195,0.177079827372627,-0.0189960167832168,0.157080803396603,0.174091743392108,-0.0139780912973832,0.144559480936139
23196,0.178498427372627,-0.0176478167832168,0.154217403396603,0.174177498742106,-0.0141325579933617,0.144613989815641
23197,0.181335627372627,-0.0162996167832168,0.154217403396603,0.174263138867200,-0.0142868974575398,0.144667936325323
23198,0.184172827372627,-0.0149514167832168,0.152785703396603,0.174348654741040,-0.0144410974018115,0.144721313299922
23199,0.189847227372627,-0.0109068167832168,0.149922303396603,0.174434037377823,-0.0145951455482615,0.144774113624469
23200,0.193393727372627,-0.00686221678321678,0.147058903396603,0.174519277851175,-0.0147490296162077,0.144826330225095
23201,0.199068127372627,-0.00416581678321678,0.144195503396603,0.174604367317195,-0.0149027373041226,0.144877956055888
23202,0.202614627372627,-0.00416581678321678,0.139900403396603,0.174689297039214,-0.0150562562706249,0.144928984082777
23203,0.206161127372627,0.00122698321678322,0.137037003396603,0.174774058412063,-0.0152095741191969,0.144979407265449
23204,0.209707627372627,0.00392338321678322,0.131310203396603,0.174858642984145,-0.0153626783838336,0.145029218537292
23205,0.209707627372627,0.00392338321678322,0.129878503396603,0.174943042476067,-0.0155155565123654,0.145078410783853
23206,0.208998327372627,0.00392338321678322,0.128446803396603,0.175027248793404,-0.0156681958525757,0.145126976822787
23207,0.206870427372627,-0.000121216783216783,0.128446803396603,0.17511125403064,-0.0158205836471652,0.145174909389740
23208,0.204033227372627,-0.00686221678321678,0.129878503396603,0.175195050466541,-0.0159727070398931,0.145222201131655
23209,0.196940227372627,-0.0136032167832168,0.137037003396603,0.175278630551930,-0.0161245530947555,0.145268844608480
23210,0.187010027372627,-0.0243888167832168,0.144195503396603,0.175361986886935,-0.0162761088277365,0.145314832307747
23211,0.175661227372627,-0.0392190167832168,0.154217403396603,0.175445112183539,-0.0164273612506671,0.145360156674469
23212,0.165021727372627,-0.0500046167832168,0.162807603396603,0.175527999214411,-0.0165782974285868,0.145404810152914
23213,0.155800827372627,-0.0580938167832168,0.169966103396603,0.175610640754887,-0.0167289045445577,0.145448785233823
23214,0.150835727372627,-0.0648348167832168,0.172829503396603,0.175693029526904,-0.0168791699588920,0.145492074499153
23215,0.147998527372627,-0.0648348167832168,0.174261203396603,0.175775158152983,-0.0170290812544147,0.145534670656447
23216,0.148707827372627,-0.0661830167832168,0.175692903396603,0.175857019125397,-0.0171786262649651,0.145576566559853
23217,0.147998527372627,-0.0661830167832168,0.172829503396603,0.175938604790535,-0.0173277930885373,0.145617755220275
23218,0.150835727372627,-0.0621384167832168,0.171397803396603,0.176019907344280,-0.0174765700901779,0.145658229806623
23219,0.154382227372627,-0.0621384167832168,0.167102703396603,0.176100918835236,-0.0176249458974375,0.145697983638663
23220,0.156510127372627,-0.0580938167832168,0.165671003396603,0.176181631175056,-0.0177729093902367,0.145737010173939
23221,0.160765927372627,-0.0553974167832168,0.164239303396603,0.176262036153425,-0.0179204496879405,0.145775302993213
23222,0.164312427372627,-0.0486564167832168,0.157080803396603,0.176342125455009,-0.0180675561327107,0.145812855786408
23223,0.168568227372627,-0.0459600167832168,0.154217403396603,0.176421890678358,-0.0182142182672728,0.145849662335090
23224,0.172824027372627,-0.0432636167832168,0.148490603396603,0.176501323356780,-0.0183604258103583,0.145885716489021
23225,0.177079827372627,-0.0378708167832168,0.149922303396603,0.176580414980429,-0.0185061686344765,0.145921012142224
23226,0.182044927372627,-0.0365226167832168,0.148490603396603,0.176659157019391,-0.0186514367455516,0.145955543215973
23227,0.185591427372627,-0.0338262167832168,0.148490603396603,0.176737540947486,-0.0187962202634934,0.145989303650688
23228,0.187010027372627,-0.0351744167832168,0.148490603396603,0.176815558264871,-0.0189405094069616,0.146022287402774
23229,0.188428627372627,-0.0392190167832168,0.149922303396603,0.176893200515723,-0.0190842944865123,0.146054488443451
23230,0.186300727372627,-0.0378708167832168,0.148490603396603,0.176970459298594,-0.0192275659075265,0.146085900759554
23231,0.188428627372627,-0.0392190167832168,0.148490603396603,0.177047326269895,-0.0193703141773297,0.146116518354352
23232,0.187719327372627,-0.0405672167832168,0.148490603396603,0.177123793144209,-0.0195125299099883,0.146146335246378
23233,0.187010027372627,-0.0446118167832168,0.148490603396603,0.177199851694597,-0.0196542038311077,0.146175345467781
23234,0.185591427372627,-0.0419154167832168,0.151354003396603,0.177275493751444,-0.0197953267858927,0.146203543064655
23235,0.185591427372627,-0.0419154167832168,0.149922303396603,0.177350711198363,-0.0199358897453490,0.146230922100338
23236,0.184882127372627,-0.0432636167832168,0.151354003396603,0.177425495967367,-0.0200758838064343,0.146257476659708
23237,0.185591427372627,-0.0459600167832168,0.151354003396603,0.177499840035516,-0.0202153001917476,0.146283200851998
23238,0.185591427372627,-0.0446118167832168,0.151354003396603,0.177573735423522,-0.0203541302538768,0.146308088812626
23239,0.184882127372627,-0.0486564167832168,0.155649103396603,0.177647174195583,-0.0204923654816128,0.146332134706021
23240,0.182754227372627,-0.0486564167832168,0.155649103396603,0.177720148457998,-0.0206299975061660,0.146355332731913
23241,0.180626327372627,-0.0527010167832168,0.161375903396603,0.177792650353860,-0.0207670181092490,0.146377677136073
23242,0.178498427372627,-0.0540492167832168,0.161375903396603,0.177864672053587,-0.0209034192334905,0.146399162224039
23243,0.177079827372627,-0.0580938167832168,0.168534403396603,0.177936205743502,-0.0210391929947149,0.146419782376803
23244,0.175661227372627,-0.0621384167832168,0.172829503396603,0.178007243614903,-0.0211743316965532,0.146439532069985
23245,0.174951927372627,-0.0648348167832168,0.175692903396603,0.178077777854846,-0.0213088278478513,0.146458405897444
23246,0.174242627372627,-0.0648348167832168,0.177124603396603,0.178147800638893,-0.0214426741800815,0.146476398594413
23247,0.172114727372627,-0.0661830167832168,0.178556303396603,0.178217304125093,-0.0215758636596362,0.146493505054203
23248,0.173533327372627,-0.0661830167832168,0.179988003396603,0.178286280448203,-0.0217083894940720,0.146509720338981
23249,0.174242627372627,-0.0621384167832168,0.179988003396603,0.178354721715874,-0.0218402451337022,0.146525039687586
23250,0.179917027372627,-0.0567456167832168,0.172829503396603,0.178422620010968,-0.0219714242652768,0.146539458518410
23251,0.184882127372627,-0.0486564167832168,0.167102703396603,0.178489967403421,-0.0221019207930962,0.146552972419912
23252,0.192684427372627,-0.0419154167832168,0.157080803396603,0.178556755972657,-0.0222317288080223,0.146565577124834
23253,0.201905327372627,-0.0297816167832168,0.148490603396603,0.178622977839542,-0.0223608425476474,0.146577268471559
23254,0.209707627372627,-0.0203442167832168,0.139900403396603,0.178688625206439,-0.0224892563485512,0.146588042358056
23255,0.216091327372627,-0.0136032167832168,0.135605303396603,0.178753690401420,-0.0226169645929756,0.146597894694848
23256,0.219637827372627,-0.00821041678321678,0.132741903396603,0.178818165919547,-0.0227439616582955,0.146606821364903
23257,0.219637827372627,-0.00686221678321678,0.129878503396603,0.178882044454600,-0.0228702418772038,0.146614818194899
23258,0.221056427372627,-0.00821041678321678,0.132741903396603,0.178945318918076,-0.0229957995118666,0.146621880937378
23259,0.220347127372627,-0.00686221678321678,0.138468703396603,0.179007982447649,-0.0231206287420517,0.146628005265263
23260,0.219637827372627,-0.00821041678321678,0.139900403396603,0.179070028409765,-0.0232447236621065,0.146633186781212
23261,0.218219227372627,-0.0109068167832168,0.144195503396603,0.179131450398312,-0.0233680782816653,0.146637421035880
23262,0.217509927372627,-0.0122550167832168,0.149922303396603,0.179192242230117,-0.0234906865305507,0.146640703547664
23263,0.215382027372627,-0.0136032167832168,0.154217403396603,0.179252397938723,-0.023612542267404,0.146643029824935
23264,0.212544827372627,-0.0149514167832168,0.159944203396603,0.179311911766463,-0.0237336392883195,0.146644395392220
23265,0.209707627372627,-0.0203442167832168,0.164239303396603,0.179370778153349,-0.0238539713354833,0.146644795817877
23266,0.206870427372627,-0.0230406167832168,0.167102703396603,0.179428991722779,-0.0239735321100067,0.146644226740793
23267,0.204033227372627,-0.0257370167832168,0.167102703396603,0.179486547265781,-0.0240923152894191,0.146642683892625
23268,0.201196027372627,-0.0297816167832168,0.167102703396603,0.179543439725015,-0.0242103145456319,0.146640163111648
23269,0.199777427372627,-0.0311298167832168,0.165671003396603,0.179599664179266,-0.0243275235615086,0.146636660347713
23270,0.199777427372627,-0.0351744167832168,0.165671003396603,0.179655215830393,-0.0244439360465094,0.146632171661266
23271,0.199777427372627,-0.0324780167832168,0.168534403396603,0.17971008999518,-0.0245595457500108,0.146626693221392
23272,0.200486727372627,-0.0324780167832168,0.167102703396603,0.179764282102334,-0.0246743464685783,0.146620221307325
23273,0.199068127372627,-0.0311298167832168,0.167102703396603,0.179817787692182,-0.0247883320453267,0.146612752311936
23274,0.199777427372627,-0.0324780167832168,0.165671003396603,0.179870602416126,-0.0249014963655620,0.146604282742265
23275,0.197649527372627,-0.0351744167832168,0.161375903396603,0.179922722034634,-0.0250138333552194,0.146594809215113
23276,0.197649527372627,-0.0365226167832168,0.159944203396603,0.179974142413763,-0.0251253369853604,0.146584328447199
23277,0.195521627372627,-0.0378708167832168,0.159944203396603,0.180024859520216,-0.0252360012808635,0.146572837242356
23278,0.194103027372627,-0.0378708167832168,0.155649103396603,0.180074869414937,-0.0253458203286549,0.146560332480714
23279,0.194812327372627,-0.0378708167832168,0.158512503396603,0.180124168245967,-0.0254547882826837,0.146546811110357
23280,0.196230927372627,-0.0365226167832168,0.158512503396603,0.180172752243764,-0.0255628993651778,0.146532270141953
23281,0.197649527372627,-0.0338262167832168,0.157080803396603,0.180220617722153,-0.0256701478637139,0.146516706648333
23282,0.201196027372627,-0.0338262167832168,0.154217403396603,0.180267761084668,-0.0257765281241015,0.146500117764081
23283,0.202614627372627,-0.0311298167832168,0.152785703396603,0.180314178834826,-0.0258820345414099,0.146482500679188
23284,0.206870427372627,-0.0311298167832168,0.149922303396603,0.180359867589094,-0.0259866615514647,0.146463852628269
23285,0.208289027372627,-0.0257370167832168,0.145627203396603,0.180404824091323,-0.0260904036218849,0.146444170877801
23286,0.212544827372627,-0.0243888167832168,0.144195503396603,0.180449045227936,-0.0261932552398639,0.146423452710906
23287,0.214672727372627,-0.0203442167832168,0.139900403396603,0.180492528043596,-0.0262952108962325,0.146401695410642
23288,0.218219227372627,-0.0203442167832168,0.139900403396603,0.180535269757377,-0.0263962650690597,0.146378896244298
23289,0.219637827372627,-0.0189960167832168,0.142763803396603,0.180577267778689,-0.0264964122105183,0.146355052452142
23290,0.218928527372627,-0.0203442167832168,0.142763803396603,0.180618519720515,-0.0265956467388772,0.146330161245078
23291,0.217509927372627,-0.0230406167832168,0.144195503396603,0.180659023406281,-0.0266939630365509,0.146304219809717
23292,0.211126227372627,-0.0311298167832168,0.152785703396603,0.180698776867182,-0.0267913554570014,0.146277225317417
23293,0.203323927372627,-0.0365226167832168,0.157080803396603,0.180737778327013,-0.0268878183442147,0.146249174941732
23294,0.193393727372627,-0.0513528167832168,0.168534403396603,0.18077602617231,-0.0269833460656866,0.146220065888225
23295,0.182044927372627,-0.0621384167832168,0.175692903396603,0.180813518909024,-0.02707793305938,0.146189895434180
23296,0.172824027372627,-0.0729240167832168,0.184283103396603,0.180850255109889,-0.0271715738927937,0.146158660974250
23297,0.163603127372627,-0.0769686167832168,0.185714803396603,0.180886233358363,-0.0272642633234334,0.146126360065123
23298,0.160765927372627,-0.0850578167832168,0.185714803396603,0.180921452196498,-0.0273559963490436,0.146092990459315
23299,0.155091527372627,-0.0850578167832168,0.187146503396603,0.180955910083096,-0.0274467682452752,0.146058550123149
23300,0.153672927372627,-0.0864060167832168,0.182851403396603,0.180989605363385,-0.0275365745917173,0.146023037242379
23301,0.152963627372627,-0.0850578167832168,0.182851403396603,0.181022536247765,-0.0276254112853637,0.145986450219904
23302,0.155091527372627,-0.0850578167832168,0.177124603396603,0.181054700799618,-0.0277132745438414,0.145948787667072
23303,0.155800827372627,-0.0837096167832168,0.174261203396603,0.181086096932919,-0.0278001609035227,0.145910048389537
23304,0.158638027372627,-0.0810132167832168,0.168534403396603,0.181116722416960,-0.0278860672148501,0.145870231368185
23305,0.161475227372627,-0.0769686167832168,0.162807603396603,0.181146574885241,-0.0279709906334744,0.145829335735618
23306,0.165731027372627,-0.0742722167832168,0.155649103396603,0.181175651848280,-0.0280549286058131,0.145787360748191
23307,0.169986827372627,-0.0688794167832168,0.151354003396603,0.18120395071084,-0.0281378788504222,0.145744305754096
23308,0.175661227372627,-0.0621384167832168,0.149922303396603,0.181231468793329,-0.0282198393356496,0.145700170162449
23309,0.181335627372627,-0.0580938167832168,0.147058903396603,0.181258203357113,-0.0283008082521721,0.145654953419794
23310,0.183463527372627,-0.0580938167832168,0.144195503396603,0.181284151632048,-0.0283807839846066,0.145608654994028
23311,0.183463527372627,-0.0553974167832168,0.144195503396603,0.181309310840337,-0.0284597650905766,0.145561274361305
23312,0.184882127372627,-0.0527010167832168,0.145627203396603,0.181333678211082,-0.0285377502876989,0.145512810996398
23313,0.187010027372627,-0.0527010167832168,0.145627203396603,0.181357250987741,-0.0286147384424386,0.145463264370002
23314,0.185591427372627,-0.0500046167832168,0.149922303396603,0.181380026434115,-0.0286907285594354,0.145412633952454
23315,0.186300727372627,-0.0473082167832168,0.148490603396603,0.181402001838875,-0.0287657197717653,0.145360919221429
23316,0.185591427372627,-0.0473082167832168,0.148490603396603,0.181423174516657,-0.0288397113302787,0.145308119669636
23317,0.181335627372627,-0.0473082167832168,0.152785703396603,0.181443541805739,-0.0289127025938734,0.145254234809551
23318,0.180626327372627,-0.0473082167832168,0.149922303396603,0.181463101060820,-0.0289846930244299,0.145199264178161
23319,0.179207727372627,-0.0473082167832168,0.152785703396603,0.181481849641884,-0.0290556821854768,0.145143207342697
23320,0.178498427372627,-0.0473082167832168,0.152785703396603,0.181499784904291,-0.0291256697417936,0.145086063904901
23321,0.176370527372627,-0.0486564167832168,0.154217403396603,0.181516904191575,-0.0291946554594831,0.145027833505280
23322,0.175661227372627,-0.0513528167832168,0.155649103396603,0.181533204828483,-0.0292626392083791,0.144968515828870
23323,0.172114727372627,-0.0553974167832168,0.161375903396603,0.181548684112797,-0.0293296209695799,0.144908110613466
23324,0.170696127372627,-0.0580938167832168,0.165671003396603,0.181563339305201,-0.0293956008490407,0.144846617664285
23325,0.165731027372627,-0.0607902167832168,0.167102703396603,0.181577167616458,-0.0294605790944307,0.144784036875069
23326,0.165731027372627,-0.0634866167832168,0.169966103396603,0.181590166192388,-0.0295245561115297,0.144720368248699
23327,0.164312427372627,-0.0661830167832168,0.172829503396603,0.181602332099826,-0.0295875324792341,0.144655611913357
23328,0.162893827372627,-0.0715758167832168,0.174261203396603,0.181613662316754,-0.0296495089650338,0.144589768136724
23329,0.161475227372627,-0.0715758167832168,0.175692903396603,0.181624153725133,-0.0297104865423563,0.144522837339198
23330,0.160765927372627,-0.0729240167832168,0.175692903396603,0.181633803103730,-0.0297704664065209,0.144454820104137
23331,0.161475227372627,-0.0715758167832168,0.177124603396603,0.181642607121943,-0.0298294499841788,0.144385717184667
23332,0.165731027372627,-0.0702276167832168,0.177124603396603,0.181650562338272,-0.0298874389353097,0.144315529508498
23333,0.169277527372627,-0.0675312167832168,0.174261203396603,0.181657665207380,-0.0299444351491715,0.144244258180786
23334,0.176370527372627,-0.0594420167832168,0.169966103396603,0.181663912096944,-0.0300004407332706,0.144171904481055
23335,0.184172827372627,-0.0473082167832168,0.159944203396603,0.181669299313589,-0.0300554579897675,0.144098469848759
23336,0.194812327372627,-0.0378708167832168,0.145627203396603,0.181673823138366,-0.0301094893741945,0.144023955852038
23337,0.204742527372627,-0.0243888167832168,0.139900403396603,0.181677479872039,-0.0301625374402114,0.143948364138682
23338,0.213254127372627,-0.0162996167832168,0.132741903396603,0.181680265886995,-0.0302146047787792,0.143871696381162
23339,0.220347127372627,-0.0109068167832168,0.129878503396603,0.181682177679394,-0.0302656939596673,0.143793954231071
23340,0.218928527372627,-0.00821041678321678,0.125583403396603,0.181683211913495,-0.0303158074841404,0.143715139286416
23341,0.220347127372627,-0.00686221678321678,0.127015103396603,0.181683365450056,-0.0303649477534816,0.143635253068811
23342,0.218219227372627,-0.00686221678321678,0.131310203396603,0.181682635357354,-0.0304131170510219,0.143554297012046
23343,0.217509927372627,-0.00416581678321678,0.132741903396603,0.181681018911429,-0.0304603175325578,0.143472272464999
23344,0.215382027372627,-0.00281761678321678,0.135605303396603,0.181678513591432,-0.0305065512191003,0.143389180704449
23345,0.211835527372627,-0.00551401678321678,0.139900403396603,0.181675117071553,-0.0305518199896307,0.143305022950356
23346,0.208289027372627,-0.00821041678321678,0.145627203396603,0.181670827208786,-0.0305961255789823,0.143219800383628
23347,0.205451827372627,-0.0122550167832168,0.151354003396603,0.181665642026533,-0.0306394695855058,0.143133514169826
23348,0.201905327372627,-0.0162996167832168,0.155649103396603,0.181659559696507,-0.0306818534866545,0.143046165487817
23349,0.198358827372627,-0.0203442167832168,0.158512503396603,0.181652578520629,-0.0307232786587657,0.142957755558429
23350,0.197649527372627,-0.0230406167832168,0.164239303396603,0.181644696913425,-0.0307637463982437,0.142868285669663
23351,0.195521627372627,-0.0270852167832168,0.162807603396603,0.181635913387127,-0.0308032579418175,0.142777757198436
23352,0.196230927372627,-0.0297816167832168,0.164239303396603,0.181626226541424,-0.0308418144854064,0.1426861716269
23353,0.195521627372627,-0.0311298167832168,0.162807603396603,0.181615635057632,-0.0308794172015948,0.142593530550358
23354,0.198358827372627,-0.0324780167832168,0.161375903396603,0.181604137697034,-0.0309160672538521,0.142499835678266
23355,0.197649527372627,-0.0311298167832168,0.159944203396603,0.181591733303388,-0.0309517658056371,0.142405088830785
23356,0.201905327372627,-0.0324780167832168,0.159944203396603,0.181578420808626,-0.0309865140243861,0.142309291932877
23357,0.204033227372627,-0.0351744167832168,0.159944203396603,0.181564199241737,-0.0310203130836433,0.142212447009386
23358,0.204742527372627,-0.0365226167832168,0.158512503396603,0.181549067740847,-0.0310531641684561,0.142114556182601
23359,0.204033227372627,-0.0351744167832168,0.158512503396603,0.181533025564073,-0.0310850684835691,0.142015621670321
23360,0.204033227372627,-0.0365226167832168,0.157080803396603,0.181516072094507,-0.0311160272588298,0.141915645782932
23361,0.203323927372627,-0.0392190167832168,0.154217403396603,0.181498206840305,-0.0311460417518055,0.141814630919011
23362,0.201905327372627,-0.0392190167832168,0.157080803396603,0.181479429432577,-0.0311751132527346,0.141712579559451
23363,0.200486727372627,-0.0378708167832168,0.154217403396603,0.181459739621318,-0.0312032430908783,0.141609494263074
23364,0.199068127372627,-0.0365226167832168,0.149922303396603,0.181439137269146,-0.0312304326362227,0.141505377663240
23365,0.201905327372627,-0.0338262167832168,0.145627203396603,0.181417622345286,-0.0312566832946674,0.141400232458033
23366,0.201905327372627,-0.0311298167832168,0.144195503396603,0.181395194924213,-0.0312819964985633,0.141294061392543
23367,0.204033227372627,-0.0297816167832168,0.138468703396603,0.181371855189937,-0.0313063736944621,0.141186867239669
23368,0.205451827372627,-0.0230406167832168,0.132741903396603,0.181347603442987,-0.0313298163290081,0.141078652780432
23369,0.206161127372627,-0.0243888167832168,0.129878503396603,0.181322440108127,-0.0313523258325083,0.140969420780346
23370,0.207579727372627,-0.0216924167832168,0.128446803396603,0.181296365741847,-0.0313739036029717,0.140859173965286
23371,0.209707627372627,-0.0176478167832168,0.125583403396603,0.181269381039354,-0.0313945509938803,0.140747915003311
23372,0.212544827372627,-0.0136032167832168,0.124151703396603,0.181241486843049,-0.0314142693010324,0.140635646491916
23373,0.213963427372627,-0.0122550167832168,0.121288303396603,0.181212684153698,-0.031433059744736,0.140522370946788
23374,0.211126227372627,-0.0136032167832168,0.127015103396603,0.181182974140872,-0.0314509234534043,0.140408090793026
23375,0.208998327372627,-0.0230406167832168,0.129878503396603,0.181152358146048,-0.0314678614587955,0.140292808365769
23376,0.202614627372627,-0.0284334167832168,0.137037003396603,0.181120837674690,-0.0314838747103477,0.140176525924673
23377,0.193393727372627,-0.0419154167832168,0.151354003396603,0.181088414376573,-0.0314989641081428,0.140059245682235
23378,0.184882127372627,-0.0513528167832168,0.159944203396603,0.18105509001314,-0.0315131305493776,0.139940969847944
23379,0.174951927372627,-0.0621384167832168,0.167102703396603,0.181020866413826,-0.0315263749836867,0.139821700683814
23380,0.166440327372627,-0.0688794167832168,0.171397803396603,0.180985745427014,-0.0315386984703324,0.139701440556457
23381,0.162184527372627,-0.0742722167832168,0.171397803396603,0.180949728871473,-0.0315501022293477,0.139580191975322
23382,0.160765927372627,-0.0783168167832168,0.175692903396603,0.180912818495889,-0.0315605876824402,0.139457957616593
23383,0.160765927372627,-0.0796650167832168,0.175692903396603,0.180875015953104,-0.0315701564831933,0.139334740338199
23384,0.158638027372627,-0.0769686167832168,0.171397803396603,0.180836322787823,-0.0315788105360976,0.139210543189394
23385,0.158638027372627,-0.0756204167832168,0.167102703396603,0.180796740430455,-0.0315865520025506,0.139085369409947
23386,0.157928727372627,-0.0742722167832168,0.162807603396603,0.180756270192182,-0.0315933832961535,0.138959222416
23387,0.157219427372627,-0.0702276167832168,0.157080803396603,0.180714913261016,-0.0315993070733558,0.138832105778016
23388,0.160765927372627,-0.0661830167832168,0.152785703396603,0.18067267070006,-0.0316043262208468,0.138704023195764
23389,0.160765927372627,-0.0648348167832168,0.149922303396603,0.180629543450188,-0.0316084438387611,0.138574978472814
23390,0.161475227372627,-0.0621384167832168,0.141332103396603,0.180585532336646,-0.0316116632234242,0.138444975492033
23391,0.164312427372627,-0.0580938167832168,0.137037003396603,0.180540638075905,-0.0316139878524301,0.138314018189103
23392,0.165731027372627,-0.0540492167832168,0.134173603396603,0.180494861283009,-0.0316154213687934,0.138182110523076
23393,0.167149627372627,-0.0513528167832168,0.134173603396603,0.180448202481128,-0.0316159675618473,0.138049256451392
23394,0.168568227372627,-0.0513528167832168,0.131310203396603,0.180400662111367,-0.0316156303486111,0.137915459914780
23395,0.169986827372627,-0.0513528167832168,0.131310203396603,0.180352240541351,-0.0316144137612165,0.137780724828604
23396,0.171405427372627,-0.0486564167832168,0.134173603396603,0.180302938073326,-0.0316123219408568,0.137645055077663
23397,0.172824027372627,-0.0473082167832168,0.135605303396603,0.180252754952268,-0.0316093591326716,0.137508454517435
23398,0.176370527372627,-0.0473082167832168,0.135605303396603,0.180201691374724,-0.0316055296783092,0.137370926981747
23399,0.177079827372627,-0.0459600167832168,0.132741903396603,0.180149747499626,-0.0316008380089585,0.137232476289462
23400,0.179917027372627,-0.0446118167832168,0.135605303396603,0.180096923460331,-0.0315952886402494,0.137093106245238
23401,0.182754227372627,-0.0432636167832168,0.135605303396603,0.180043219376664,-0.0315888861666905,0.136952820638815
23402,0.182044927372627,-0.0432636167832168,0.135605303396603,0.179988635366967,-0.0315816352551824,0.136811623247755
23403,0.183463527372627,-0.0459600167832168,0.135605303396603,0.179933171557952,-0.0315735406408620,0.136669517841190
23404,0.182754227372627,-0.0432636167832168,0.137037003396603,0.179876828090146,-0.0315646071276083,0.136526508182085
23405,0.180626327372627,-0.0432636167832168,0.142763803396603,0.179819605119419,-0.0315548395894841,0.136382598031973
23406,0.174951927372627,-0.0473082167832168,0.142763803396603,0.179761502812646,-0.0315442429703196,0.136237791162631
23407,0.172114727372627,-0.0513528167832168,0.147058903396603,0.179702521334301,-0.0315328222879568,0.136092091372194
23408,0.167149627372627,-0.0553974167832168,0.149922303396603,0.179642660826206,-0.0315205826487414,0.135945502501292
23409,0.162893827372627,-0.0594420167832168,0.149922303396603,0.179581921385074,-0.031507529268538,0.135798028448678
23410,0.159347327372627,-0.0607902167832168,0.154217403396603,0.179520303039567,-0.031493667494215,0.135649673185396
23411,0.152254327372627,-0.0621384167832168,0.157080803396603,0.179457805726631,-0.0314790028214096,0.135500440767953
23412,0.151545027372627,-0.0661830167832168,0.158512503396603,0.179394429266848,-0.0314635409076408,0.135350335353477
23413,0.147998527372627,-0.0661830167832168,0.161375903396603,0.17933017334151,-0.0314472875840308,0.135199361215375
23414,0.145161327372627,-0.0661830167832168,0.162807603396603,0.179265037474599,-0.0314302488660987,0.135047522757019
23415,0.146579927372627,-0.0661830167832168,0.162807603396603,0.179199021018934,-0.0314124309599033,0.134894824523457
23416,0.148707827372627,-0.0621384167832168,0.158512503396603,0.179132123148204,-0.0313938402621372,0.134741271208183
23417,0.157219427372627,-0.0540492167832168,0.155649103396603,0.179064342861004,-0.0313744833518444,0.134586867650031
23418,0.163603127372627,-0.0432636167832168,0.147058903396603,0.178995679000558,-0.0313543669672434,0.134431618818687
23419,0.175661227372627,-0.0324780167832168,0.137037003396603,0.178926130289144,-0.0313334979648612,0.134275529788359
23420,0.187719327372627,-0.0176478167832168,0.125583403396603,0.178855695375012,-0.0313118832647042,0.134118605697587
23421,0.198358827372627,-0.00821041678321678,0.121288303396603,0.178784372889843,-0.0312895297865866,0.133960851699185
23422,0.206161127372627,0.00122698321678322,0.116993203396603,0.178712161510377,-0.0312664443846007,0.133802272913147
23423,0.209707627372627,0.00257518321678322,0.112698103396603,0.178639060013681,-0.0312426337899716,0.133642874391916
23424,0.210416927372627,0.00661978321678322,0.112698103396603,0.178565067317715,-0.0312181045702126,0.133482661096544
23425,0.211126227372627,0.00661978321678322,0.114129803396603,0.178490182504763,-0.0311928631045798,0.133321637881746
23426,0.210416927372627,0.00527158321678322,0.116993203396603,0.178414404831643,-0.0311669155711711,0.133159809492337
23427,0.206870427372627,0.00257518321678322,0.119856603396603,0.178337733731588,-0.0311402679438061,0.132997180570552
23428,0.204033227372627,0.00527158321678322,0.124151703396603,0.17826016880854,-0.0311129259963604,0.132833755670285
23429,0.201196027372627,0.00122698321678322,0.128446803396603,0.178181709824595,-0.0310848953080340,0.132669539275791
23430,0.196230927372627,-0.00416581678321678,0.131310203396603,0.17810235668377,-0.0310561812695552,0.132504535823355
23431,0.194812327372627,-0.00686221678321678,0.135605303396603,0.178022109414067,-0.0310267890973032,0.132338749723456
23432,0.191265827372627,-0.00821041678321678,0.138468703396603,0.177940968149542,-0.0309967238534881,0.132172185381957
23433,0.187719327372627,-0.0109068167832168,0.142763803396603,0.177858933113842,-0.0309659904635396,0.132004847220793
23434,0.184172827372627,-0.0149514167832168,0.147058903396603,0.17777600460351,-0.0309345937297759,0.131836739699165
23435,0.181335627372627,-0.0162996167832168,0.148490603396603,0.17769218296982,-0.0309025383460067,0.131667867335232
23436,0.179917027372627,-0.0189960167832168,0.148490603396603,0.177607468601355,-0.030869828913072,0.131498234724838
23437,0.177789127372627,-0.0189960167832168,0.147058903396603,0.177521861909771,-0.0308364699520551,0.131327846552333
23438,0.177789127372627,-0.0243888167832168,0.148490603396603,0.177435363319244,-0.0308024659151726,0.131156707593491
23439,0.177789127372627,-0.0230406167832168,0.147058903396603,0.177347973259592,-0.0307678211971331,0.130984822715459
23440,0.179207727372627,-0.0230406167832168,0.144195503396603,0.177259692163818,-0.0307325401455678,0.13081219687573
23441,0.179917027372627,-0.0243888167832168,0.145627203396603,0.177170520470057,-0.0306966270663439,0.130638835118141
23442,0.181335627372627,-0.0243888167832168,0.141332103396603,0.177080458626475,-0.0306600862256218,0.130464742566912
23443,0.181335627372627,-0.0243888167832168,0.142763803396603,0.176989507097153,-0.0306229218523812,0.130289924420677
23444,0.183463527372627,-0.0243888167832168,0.138468703396603,0.176897666367728,-0.0305851381404861,0.130114385946032
23445,0.184882127372627,-0.0270852167832168,0.139900403396603,0.176804936951525,-0.030546739250286,0.129938132470589
23446,0.185591427372627,-0.0270852167832168,0.137037003396603,0.176711319397175,-0.0305077293125504,0.129761169376529
23447,0.187719327372627,-0.0270852167832168,0.135605303396603,0.176616814296716,-0.0304681124342674,0.129583502094656
23448,0.189137927372627,-0.0257370167832168,0.129878503396603,0.176521422293706,-0.0304278927021187,0.129405136095977
23449,0.190556527372627,-0.0216924167832168,0.128446803396603,0.176425144092074,-0.0303870741803707,0.129226076877855
23450,0.194103027372627,-0.0203442167832168,0.122720003396603,0.176327980465952,-0.0303456609022499,0.129046329946200
23451,0.195521627372627,-0.0162996167832168,0.121288303396603,0.176229932271235,-0.0303036568566667,0.12886590079669
23452,0.195521627372627,-0.0136032167832168,0.115561503396603,0.176131000457873,-0.0302610659730789,0.128684794895977
23453,0.196230927372627,-0.0122550167832168,0.112698103396603,0.176031186078986,-0.0302178921058940,0.128503017662419
23454,0.196940227372627,-0.00821041678321678,0.108403003396603,0.175930490295819,-0.030174139019805,0.128320574445817
23455,0.196940227372627,-0.00416581678321678,0.108403003396603,0.175828914381237,-0.0301298103751302,0.12813747050815
23456,0.195521627372627,-0.00551401678321678,0.102676203396603,0.175726459722237,-0.0300849097117588,0.127953711007768
23457,0.191975127372627,-0.00551401678321678,0.106971303396603,0.175623127818549,-0.0300394404368248,0.12776930098706
23458,0.188428627372627,-0.00551401678321678,0.109834703396603,0.175518920274389,-0.0299934058207646,0.127584245367036
23459,0.182044927372627,-0.0136032167832168,0.114129803396603,0.175413838782613,-0.0299468090008276,0.127398548954776
23460,0.174242627372627,-0.0230406167832168,0.125583403396603,0.175307885101043,-0.0298996529962294,0.127212216464234
23461,0.161475227372627,-0.0324780167832168,0.134173603396603,0.175201061018512,-0.0298519407414672,0.127025252550381
23462,0.152254327372627,-0.0432636167832168,0.145627203396603,0.175093368308415,-0.0298036751340707,0.126837661856722
23463,0.146579927372627,-0.0540492167832168,0.154217403396603,0.174984808675164,-0.0297548590888751,0.126649449070217
23464,0.141614827372627,-0.0580938167832168,0.161375903396603,0.174875383705796,-0.0297054955932287,0.126460618976210
23465,0.141614827372627,-0.0634866167832168,0.159944203396603,0.174765094834804,-0.0296555877552187,0.126271176505454
23466,0.138777627372627,-0.0675312167832168,0.157080803396603,0.174653943322456,-0.0296051388397952,0.126081126762843
23467,0.141614827372627,-0.0675312167832168,0.158512503396603,0.174541930243642,-0.0295541522951203,0.125890475034883
23468,0.142324127372627,-0.0675312167832168,0.154217403396603,0.174429056485061,-0.0295026317700740,0.125699226785799
23469,0.142324127372627,-0.0661830167832168,0.151354003396603,0.174315322748782,-0.0294505811215196,0.125507387650188
23470,0.143742727372627,-0.0634866167832168,0.147058903396603,0.174200729557761,-0.0293980044131922,0.125314963420717
23471,0.146579927372627,-0.0580938167832168,0.141332103396603,0.174085277261373,-0.0293449059076049,0.125121960029909
23472,0.148707827372627,-0.0580938167832168,0.135605303396603,0.173968966043881,-0.0292912900514407,0.124928383526972
23473,0.149417127372627,-0.0540492167832168,0.129878503396603,0.173851795936101,-0.0292371614590838,0.124734240050193
23474,0.154382227372627,-0.0513528167832168,0.125583403396603,0.173733766827551,-0.0291825248980175,0.12453953579735
23475,0.154382227372627,-0.0473082167832168,0.118424903396603,0.173614878479353,-0.0291273852737577,0.124344276996626
23476,0.155091527372627,-0.0446118167832168,0.115561503396603,0.173495130537130,-0.0290717476124629,0.124148469878017
23477,0.157928727372627,-0.0405672167832168,0.112698103396603,0.173374522540723,-0.0290156170426144,0.123952120646725
23478,0.157928727372627,-0.0419154167832168,0.109834703396603,0.173253053931964,-0.0289589987780969,0.123755235461988
23479,0.157928727372627,-0.0392190167832168,0.108403003396603,0.173130724062192,-0.0289018981059373,0.123557820421355
23480,0.158638027372627,-0.0392190167832168,0.109834703396603,0.173007532197342,-0.0288443203791682,0.123359881549414
23481,0.157928727372627,-0.0378708167832168,0.108403003396603,0.172883477520329,-0.0287862710115562,0.123161424792454
23482,0.157219427372627,-0.0392190167832168,0.106971303396603,0.172758559131978,-0.0287277554732639,0.122962456017087
23483,0.157928727372627,-0.0378708167832168,0.105539603396603,0.172632776050482,-0.0286687792888427,0.122762981007390
23484,0.157928727372627,-0.0378708167832168,0.106971303396603,0.172506127210870,-0.0286093480366251,0.122563005460067
23485,0.157928727372627,-0.0378708167832168,0.106971303396603,0.172378611465944,-0.0285494673476534,0.122362534982097
23486,0.160056627372627,-0.0378708167832168,0.108403003396603,0.172250227588450,-0.0284891429046119,0.122161575092824
23487,0.158638027372627,-0.0378708167832168,0.108403003396603,0.172120974274479,-0.0284283804416914,0.121960131228522
23488,0.160056627372627,-0.0392190167832168,0.111266403396603,0.171990850147111,-0.0283671857453887,0.121758208747965
23489,0.157219427372627,-0.0419154167832168,0.114129803396603,0.171859853758114,-0.0283055646576356,0.121555812940452
23490,0.155091527372627,-0.0459600167832168,0.121288303396603,0.171727983585723,-0.0282435230840524,0.121352949039784
23491,0.153672927372627,-0.0473082167832168,0.124151703396603,0.17159523802752,-0.0281810670077905,0.121149622246147
23492,0.152254327372627,-0.0527010167832168,0.128446803396603,0.171461615390882,-0.0281182025061711,0.120945837752448
23493,0.150835727372627,-0.0580938167832168,0.134173603396603,0.1713271138844,-0.0280549357696544,0.120741600770163
23494,0.148707827372627,-0.0553974167832168,0.138468703396603,0.171191731610294,-0.0279912731231385,0.120536916555182
23495,0.146579927372627,-0.0580938167832168,0.141332103396603,0.171055466556087,-0.0279272210426053,0.120331790434649
23496,0.143033427372627,-0.0594420167832168,0.145627203396603,0.170918316584338,-0.0278627861633870,0.120126227831824
23497,0.143742727372627,-0.0621384167832168,0.147058903396603,0.170780279420893,-0.0277979752870384,0.119920234287493
23498,0.142324127372627,-0.0634866167832168,0.145627203396603,0.170641352645117,-0.0277327953914708,0.119713815476920
23499,0.143742727372627,-0.0594420167832168,0.144195503396603,0.170501533685021,-0.0276672536401563,0.119506977218407
23500,0.147998527372627,-0.0540492167832168,0.139900403396603,0.170360819818273,-0.0276013573820219,0.119299725471463
23501,0.152963627372627,-0.0446118167832168,0.129878503396603,0.170219208181788,-0.0275351141355166,0.119092066324106
23502,0.162893827372627,-0.0338262167832168,0.119856603396603,0.170076695793086,-0.0274685315559172,0.11888400596533
23503,0.173533327372627,-0.0203442167832168,0.108403003396603,0.16993327958512,-0.0274016173877382,0.118675550641259
23504,0.182044927372627,-0.0095586167832168,0.0983811033966034,0.169788956453606,-0.0273343794055035,0.118466706600921
23505,0.189137927372627,-0.00146941678321678,0.0912226033966034,0.1696437233095,-0.0272668253503288,0.118257480040043
23506,0.194812327372627,0.00527158321678322,0.0854958033966034,0.169497577127318,-0.0271989628720935,0.118047877050291
23507,0.196230927372627,0.00796798321678322,0.0840641033966034,0.169350514984395,-0.0271307994832545,0.117837903579390
23508,0.197649527372627,0.00931618321678322,0.0826324033966034,0.169202534088639,-0.0270623425261636,0.117627565404591
23509,0.198358827372627,0.00796798321678322,0.0840641033966034,0.169053631794775,-0.0269935991543546,0.117416868118996
23510,0.197649527372627,0.00931618321678322,0.0840641033966034,0.168903805612757,-0.0269245763254720,0.117205817127785
23511,0.196940227372627,0.00661978321678322,0.0869275033966034,0.168753053211283,-0.0268552808007198,0.116994417650852
23512,0.195521627372627,0.00527158321678322,0.0912226033966034,0.168601372417156,-0.0267857191480361,0.116782674730901
23513,0.191265827372627,0.00257518321678322,0.0940860033966034,0.168448761210482,-0.0267158977494602,0.116570593247963
23514,0.189137927372627,-0.000121216783216783,0.0998128033966034,0.16829521771473,-0.0266458228122256,0.116358177939350
23515,0.187719327372627,-0.00416581678321678,0.105539603396603,0.168140740183122,-0.0265755003826483,0.116145433423575
23516,0.183463527372627,-0.0095586167832168,0.109834703396603,0.167985326985277,-0.0265049363637408,0.115932364228225
23517,0.180626327372627,-0.0122550167832168,0.111266403396603,0.167828976593852,-0.0264341365370182,0.115718974818328
23518,0.176370527372627,-0.0136032167832168,0.116993203396603,0.167671687568505,-0.0263631065847713,0.115505269620276
23519,0.174951927372627,-0.0136032167832168,0.119856603396603,0.167513458538137,-0.0262918521067536,0.115291253042781
23520,0.169986827372627,-0.0136032167832168,0.122720003396603,0.167354288183884,-0.0262203786289546,0.115076929498327
23521,0.169986827372627,-0.0136032167832168,0.122720003396603,0.167194175223331,-0.0261486916067869,0.114862303422649
23522,0.170696127372627,-0.0176478167832168,0.121288303396603,0.16703311839792,-0.0260767964273436,0.114647379287285
23523,0.169277527372627,-0.0162996167832168,0.122720003396603,0.166871116466976,-0.0260046984149162,0.114432161604228
23524,0.170696127372627,-0.0136032167832168,0.124151703396603,0.166708168206882,-0.0259324028369785,0.114216654927603
23525,0.172114727372627,-0.0149514167832168,0.124151703396603,0.166544272412467,-0.0258599149041201,0.114000863857827
23526,0.170696127372627,-0.0149514167832168,0.125583403396603,0.166379427900594,-0.0257872397662545,0.113784793047740
23527,0.170696127372627,-0.0149514167832168,0.122720003396603,0.166213633513524,-0.025714382511624,0.113568447207264
23528,0.171405427372627,-0.0149514167832168,0.122720003396603,0.166046888119575,-0.0256413481681313,0.113351831104097
23529,0.169277527372627,-0.0149514167832168,0.119856603396603,0.165879190612815,-0.0255681417042086,0.113134949559966
23530,0.169986827372627,-0.0136032167832168,0.119856603396603,0.165710539912271,-0.0254947680287549,0.112917807444408
23531,0.171405427372627,-0.0122550167832168,0.114129803396603,0.165540934960894,-0.0254212319892129,0.112700409667069
23532,0.172114727372627,-0.0122550167832168,0.111266403396603,0.16537037472747,-0.0253475383673181,0.112482761166048
23533,0.172824027372627,-0.0095586167832168,0.105539603396603,0.165198858211969,-0.0252736918739184,0.112264866890307
23534,0.173533327372627,-0.00821041678321678,0.0998128033966034,0.165026384451385,-0.0251996971428625,0.112046731777146
23535,0.173533327372627,-0.00551401678321678,0.0940860033966034,0.164852952524602,-0.0251255587225618,0.111828360725715
23536,0.172824027372627,-0.00281761678321678,0.0926543033966034,0.164678561555797,-0.0250512810652248,0.111609758569049
23537,0.173533327372627,-0.00281761678321678,0.0883592033966034,0.164503210715890,-0.0249768685151613,0.111390930050057
23538,0.172824027372627,-0.00146941678321678,0.0840641033966034,0.164326899223018,-0.0249023252989498,0.111171879802460
23539,0.172824027372627,-0.00146941678321678,0.0812007033966034,0.164149626343008,-0.0248276555193299,0.110952612332222
23540,0.172114727372627,-0.00146941678321678,0.0797690033966034,0.163971391389381,-0.0247528631518898,0.110733131998984
23541,0.170696127372627,-0.00146941678321678,0.0783373033966034,0.163792193722118,-0.0246779520436163,0.110513443001451
23542,0.169986827372627,-0.0095586167832168,0.0812007033966034,0.163612032744731,-0.0246029259156361,0.110293549369213
23543,0.165021727372627,-0.0149514167832168,0.0883592033966034,0.163430907898637,-0.0245277883766664,0.110073454964454
23544,0.157928727372627,-0.0257370167832168,0.0983811033966034,0.163248818651174,-0.0244525429513653,0.109853163499974
23545,0.151545027372627,-0.0365226167832168,0.109834703396603,0.163065764472837,-0.0243771931217195,0.109632678576502
23546,0.146579927372627,-0.0432636167832168,0.116993203396603,0.16288174480595,-0.0243017423772793,0.109412003733851
23547,0.143033427372627,-0.0473082167832168,0.122720003396603,0.162696759032860,-0.0242261942653932,0.109191142504050
23548,0.140196227372627,-0.0500046167832168,0.125583403396603,0.162510806449510,-0.0241505524307355,0.108970098455580
23549,0.139486927372627,-0.0513528167832168,0.125583403396603,0.162323886245893,-0.0240748206413315,0.108748875224261
23550,0.137359027372627,-0.0500046167832168,0.127015103396603,0.162135997492866,-0.0239990028038744,0.108527476531284
23551,0.140196227372627,-0.0513528167832168,0.128446803396603,0.161947139134612,-0.0239231029706623,0.108305906192838
23552,0.138777627372627,-0.0486564167832168,0.125583403396603,0.16175730998674,-0.0238471253409481,0.108084168126277
23553,0.142324127372627,-0.0446118167832168,0.119856603396603,0.161566508739285,-0.0237710742576343,0.107862266350359
23554,0.143033427372627,-0.0432636167832168,0.118424903396603,0.161374733963149,-0.0236949541974497,0.107640204974599
23555,0.144452027372627,-0.0392190167832168,0.115561503396603,0.161181984118993,-0.0236187697564702,0.107417988182208
23556,0.146579927372627,-0.0338262167832168,0.109834703396603,0.160988257566866,-0.0235425256337781,0.107195620213513
23557,0.150835727372627,-0.0311298167832168,0.104107903396603,0.160793552576833,-0.0234662266118626,0.106973105347414
23558,0.150835727372627,-0.0284334167832168,0.102676203396603,0.160597867342526,-0.0233898775351574,0.106750447877888
23559,0.152254327372627,-0.0243888167832168,0.0983811033966034,0.160401199994967,-0.0233134832909078,0.106527652090989
23560,0.155800827372627,-0.0230406167832168,0.0926543033966034,0.160203548613443,-0.0232370487923651,0.106304722245318
23561,0.158638027372627,-0.0216924167832168,0.0883592033966034,0.160004911236882,-0.0231605789638442,0.106081662550999
23562,0.159347327372627,-0.0203442167832168,0.0869275033966034,0.159805285878419,-0.0230840787295056,0.105858477146192
23563,0.161475227372627,-0.0216924167832168,0.0854958033966034,0.159604670539472,-0.023007553006329,0.105635170077557
23564,0.163603127372627,-0.0189960167832168,0.0840641033966034,0.159403063221137,-0.0229310067003452,0.105411745288142
23565,0.167149627372627,-0.0189960167832168,0.0854958033966034,0.159200461935829,-0.0228544447037997,0.105188206610699
23566,0.168568227372627,-0.0176478167832168,0.0840641033966034,0.158996864721377,-0.0227778718909199,0.104964557764972
23567,0.169986827372627,-0.0189960167832168,0.0840641033966034,0.158792269655619,-0.0227012931136822,0.104740802357439
23568,0.172824027372627,-0.0203442167832168,0.0826324033966034,0.158586674869035,-0.0226247132008378,0.104516943880577
23569,0.175661227372627,-0.0189960167832168,0.0797690033966034,0.158380078556906,-0.0225481369606646,0.104292985709648
23570,0.178498427372627,-0.0189960167832168,0.0797690033966034,0.158172478993674,-0.0224715691837177,0.104068931096515
23571,0.179207727372627,-0.0189960167832168,0.0826324033966034,0.157963874548536,-0.0223950146427872,0.103844783163962
23572,0.179917027372627,-0.0189960167832168,0.0826324033966034,0.157754263698596,-0.0223184780919242,0.103620544906435
23573,0.178498427372627,-0.0230406167832168,0.0869275033966034,0.157543645036875,-0.0222419642677954,0.103396219197709
23574,0.174242627372627,-0.0284334167832168,0.0912226033966034,0.157332017273470,-0.0221654778975552,0.103171808803500
23575,0.172114727372627,-0.0324780167832168,0.0955177033966034,0.157119379228386,-0.0220890237164959,0.102947316400008
23576,0.168568227372627,-0.0365226167832168,0.101244503396603,0.156905729818014,-0.0220126064922154,0.102722744597901
23577,0.164312427372627,-0.0405672167832168,0.106971303396603,0.156691068039155,-0.0219362310492508,0.102498095969761
23578,0.160765927372627,-0.0432636167832168,0.112698103396603,0.156475392951339,-0.0218599022918496,0.102273373080499
23579,0.155800827372627,-0.0459600167832168,0.118424903396603,0.156258703656947,-0.0217836252244121,0.102048578519740
23580,0.150835727372627,-0.0473082167832168,0.121288303396603,0.156040999279374,-0.0217074049686748,0.101823714933725
23581,0.146579927372627,-0.0486564167832168,0.122720003396603,0.155822278939246,-0.0216312467771682,0.101598785052754
23582,0.145161327372627,-0.0500046167832168,0.124151703396603,0.155602541730877,-0.0215551560434162,0.101373791710726
23583,0.147998527372627,-0.0446118167832168,0.121288303396603,0.155381786705108,-0.0214791383079434,0.101148737856269
23584,0.151545027372627,-0.0405672167832168,0.118424903396603,0.155160012865134,-0.0214031992549711,0.100923626554971
23585,0.159347327372627,-0.0284334167832168,0.111266403396603,0.154937219177765,-0.0213273446942133,0.100698460980736
23586,0.169986827372627,-0.0122550167832168,0.0983811033966034,0.154713404599881,-0.0212515805235831,0.100473244393295
23587,0.181335627372627,-0.00281761678321678,0.0912226033966034,0.154488568120327,-0.0211759126714117,0.100247980099402
23588,0.191975127372627,0.00931618321678322,0.0812007033966034,0.154262708814552,-0.0211003470279594,0.100022671403149
23589,0.199068127372627,0.0160571832167832,0.0754739033966034,0.1540358259039,-0.0210248893806491,0.0997973215562875
23590,0.204742527372627,0.0214499832167832,0.0726105033966034,0.153807918810018,-0.0209495453595443,0.0995719337154656
23591,0.207579727372627,0.0227981832167832,0.0726105033966034,0.15357898719824,-0.0208743203958614,0.099346510911337
23592,0.210416927372627,0.0254945832167832,0.0726105033966034,0.153349031008977,-0.0207992196949165,0.0991210560325005
23593,0.208998327372627,0.0254945832167832,0.0711788033966034,0.153118050478576,-0.0207242482202448,0.0988955718203184
23594,0.207579727372627,0.0227981832167832,0.0769056033966034,0.152886046149901,-0.0206494106856345,0.0986700608691728
23595,0.206161127372627,0.0214499832167832,0.0769056033966034,0.152653018873121,-0.0205747115555417,0.0984445256326559
23596,0.201196027372627,0.0187535832167832,0.0812007033966034,0.152418969799392,-0.0205001550529531,0.0982189684361887
23597,0.198358827372627,0.0174053832167832,0.0840641033966034,0.152183900368923,-0.0204257451705075,0.0979933914926052
23598,0.194103027372627,0.0133607832167832,0.0869275033966034,0.151947812294143,-0.0203514856825475,0.0977677969192204
23599,0.187719327372627,0.00931618321678322,0.0897909033966034,0.151710707539684,-0.0202773801594991,0.0975421867558884
23600,0.184172827372627,0.00392338321678322,0.0912226033966034,0.151472588299193,-0.0202034319869053,0.0973165629820698
23601,0.178498427372627,-0.000121216783216783,0.0955177033966034,0.151233456969697,-0.0201296443891158,0.0970909275324175
23602,0.174242627372627,-0.00146941678321678,0.0969494033966034,0.150993316125974,-0.0200560204539067,0.0968652823123619
23603,0.171405427372627,-0.00416581678321678,0.0969494033966034,0.150752168496151,-0.0199825631529087,0.0966396292132015
23604,0.169277527372627,-0.00551401678321678,0.0998128033966034,0.150510016940502,-0.0199092753564472,0.0964139701237332
23605,0.167858927372627,-0.00551401678321678,0.0983811033966034,0.150266864435624,-0.0198361598446576,0.096188306938421
23606,0.167858927372627,-0.00551401678321678,0.0969494033966034,0.150022714064027,-0.0197632193148737,0.0959626415625986
23607,0.165731027372627,-0.00416581678321678,0.0983811033966034,0.149777569007875,-0.0196904563843595,0.0957369759132213
23608,0.167858927372627,-0.00821041678321678,0.0969494033966034,0.149531432545444,-0.019617873590713,0.0955113119176414
23609,0.169277527372627,-0.00686221678321678,0.0969494033966034,0.149284308051000,-0.0195454733945954,0.0952856515133717
23610,0.168568227372627,-0.00686221678321678,0.0998128033966034,0.149036198999349,-0.0194732581847886,0.0950599966488376
23611,0.171405427372627,-0.00551401678321678,0.0998128033966034,0.148787108972343,-0.0194012302804576,0.0948343492870966
23612,0.170696127372627,-0.00551401678321678,0.102676203396603,0.148537041665150,-0.0193293919292213,0.0946087114135124
23613,0.174951927372627,-0.00146941678321678,0.0983811033966034,0.148286000893511,-0.0192577453028948,0.0943830850434297
23614,0.176370527372627,-0.00146941678321678,0.0955177033966034,0.148033990603697,-0.0191862924904365,0.094157472223421
23615,0.178498427372627,0.00257518321678322,0.0912226033966034,0.147781014885402,-0.0191150354881013,0.093931875022150
23616,0.182044927372627,0.00796798321678322,0.0883592033966034,0.147527077985880,-0.0190439761867980,0.0937062955138182
23617,0.186300727372627,0.0106643832167832,0.0854958033966034,0.14727218432555,-0.0189731163543253,0.0934807357601296
23618,0.188428627372627,0.0147089832167832,0.0783373033966034,0.147016338516785,-0.0189024576138813,0.0932551977922532
23619,0.190556527372627,0.0187535832167832,0.0754739033966034,0.146759545383452,-0.0188320014230373,0.0930296835898206
23620,0.191975127372627,0.0214499832167832,0.0683154033966034,0.146501809977269,-0.0187617490536421,0.0928041950559664
23621,0.194812327372627,0.0254945832167832,0.0654520033966034,0.146243137590976,-0.0186917015721906,0.0925787339908869
23622,0.192684427372627,0.0254945832167832,0.0582935033966034,0.145983533769564,-0.0186218598220536,0.0923533020653969
23623,0.191265827372627,0.0254945832167832,0.0568618033966034,0.145723004316844,-0.0185522244103629,0.0921279007949823
23624,0.186300727372627,0.0241463832167832,0.0611569033966034,0.145461555293207,-0.0184827957023438,0.0919025315192902
23625,0.181335627372627,0.0187535832167832,0.0611569033966034,0.145199193003594,-0.0184135738240286,0.0916771953954638
23626,0.172824027372627,0.0147089832167832,0.0683154033966034,0.144935923976157,-0.0183445586742795,0.0914518934063094
23627,0.162184527372627,0.00122698321678322,0.0754739033966034,0.144671754930644,-0.0182757499484514,0.0912266263793413
23628,0.149417127372627,-0.0122550167832168,0.0869275033966034,0.144406692734529,-0.0182071471783488,0.0910013950181872
23629,0.138068327372627,-0.0230406167832168,0.0955177033966034,0.144140744347406,-0.0181387497903401,0.0907761999473432
23630,0.131684627372627,-0.0324780167832168,0.102676203396603,0.143873916760475,-0.0180705571718516,0.0905510417638501
23631,0.126719527372627,-0.0378708167832168,0.106971303396603,0.143606216942653,-0.0180025687322731,0.090325921086004
23632,0.124591627372627,-0.0405672167832168,0.106971303396603,0.143337651801140,-0.0179347839508254,0.0901008385911881
23633,0.125300927372627,-0.0432636167832168,0.109834703396603,0.143068228157179,-0.0178672024095278,0.0898757950398609
23634,0.127428827372627,-0.0419154167832168,0.109834703396603,0.142797952735783,-0.0177998238131283,0.0896507912891601
23635,0.129556727372627,-0.0405672167832168,0.106971303396603,0.142526832167710,-0.0177326479983225,0.0894258283005748
23636,0.132393927372627,-0.0378708167832168,0.106971303396603,0.142254872999536,-0.0176656749331954,0.0892009071411877
23637,0.137359027372627,-0.0351744167832168,0.104107903396603,0.141982081708372,-0.0175989047092114,0.0889760289789855
23638,0.141614827372627,-0.0324780167832168,0.0998128033966034,0.141708464721256,-0.0175323375290137,0.0887511950747075
23639,0.144452027372627,-0.0311298167832168,0.0926543033966034,0.14143402843846,-0.0174659736928248,0.0885264067677604
23640,0.147998527372627,-0.0257370167832168,0.0897909033966034,0.141158779256798,-0.0173998135848467,0.0883016654537281
23641,0.150126427372627,-0.0216924167832168,0.0854958033966034,0.140882723590255,-0.0173338576573316,0.0880769725584198
23642,0.152963627372627,-0.0189960167832168,0.0797690033966034,0.14060586788816,-0.0172681064104614,0.0878523295138956
23643,0.152963627372627,-0.0149514167832168,0.0797690033966034,0.140328218650923,-0.0172025603712943,0.08762773773647
23644,0.157219427372627,-0.0189960167832168,0.0740422033966034,0.140049782443074,-0.0171372200769013,0.0874031986071863
23645,0.155091527372627,-0.0189960167832168,0.0726105033966034,0.139770565904596,-0.0170720860668130,0.0871787134552589
23646,0.156510127372627,-0.0189960167832168,0.0711788033966034,0.139490575759816,-0.0170071588852433,0.0869542835429968
23647,0.155091527372627,-0.0216924167832168,0.0683154033966034,0.139209818821882,-0.0169424390865707,0.0867299100532004
23648,0.156510127372627,-0.0203442167832168,0.0668837033966034,0.138928301994311,-0.0168779272403529,0.0865055940790294
23649,0.157219427372627,-0.0230406167832168,0.0640203033966034,0.138646032273036,-0.0168136239363407,0.0862813366138706
23650,0.155800827372627,-0.0243888167832168,0.0640203033966034,0.138363016749911,-0.0167495297899558,0.0860571385412055
23651,0.157928727372627,-0.0257370167832168,0.0611569033966034,0.138079262615996,-0.0166856454496301,0.0858330006259607
23652,0.155800827372627,-0.0243888167832168,0.0625886033966034,0.137794777163848,-0.0166219716046097,0.085608923507836
23653,0.155800827372627,-0.0243888167832168,0.0640203033966034,0.137509567788848,-0.016558508989032,0.0853849076980922
23654,0.156510127372627,-0.0257370167832168,0.0640203033966034,0.137223641989055,-0.0164952583822783,0.0851609535817795
23655,0.157219427372627,-0.0270852167832168,0.0654520033966034,0.136937007365806,-0.0164322206102551,0.0849370614234237
23656,0.155800827372627,-0.0311298167832168,0.0697471033966034,0.136649671626517,-0.0163693965513312,0.084713231374198
23657,0.153672927372627,-0.0324780167832168,0.0740422033966034,0.136361642586026,-0.0163067871473943,0.084489463484037
23658,0.151545027372627,-0.0378708167832168,0.0769056033966034,0.136072928162786,-0.016244393418632,0.0842657577206736
23659,0.149417127372627,-0.0405672167832168,0.0826324033966034,0.135783536370663,-0.0161822164811047,0.0840421139921356
23660,0.147289227372627,-0.0432636167832168,0.0883592033966034,0.135493475309018,-0.0161202575661799,0.0838185321712208
23661,0.143742727372627,-0.0473082167832168,0.0955177033966034,0.135202753152055,-0.0160585180394995,0.0835950121244202
23662,0.139486927372627,-0.0473082167832168,0.104107903396603,0.134911378135974,-0.0159969994180841,0.0833715537467758
23663,0.136649727372627,-0.0513528167832168,0.105539603396603,0.134619358542696,-0.0159357033851069,0.0831481570001977
23664,0.135231127372627,-0.0527010167832168,0.112698103396603,0.134326702682610,-0.0158746318028056,0.082924821948815
23665,0.131684627372627,-0.0513528167832168,0.112698103396603,0.134033418880021,-0.0158137867239947,0.0827015487874035
23666,0.130266027372627,-0.0473082167832168,0.112698103396603,0.133739515461048,-0.0157531703975251,0.082478337862398
23667,0.131684627372627,-0.0419154167832168,0.109834703396603,0.133445000743488,-0.0156927852616358,0.0822551896825197
23668,0.136649727372627,-0.0365226167832168,0.102676203396603,0.133149883033784,-0.0156326339251999,0.082032104916054
23669,0.143742727372627,-0.0230406167832168,0.0897909033966034,0.132854170637719,-0.0155727191387251,0.081809084371812
23670,0.152254327372627,-0.0122550167832168,0.0812007033966034,0.132557871886538,-0.015513043752317,0.0815861289608086
23671,0.160765927372627,-0.000121216783216783,0.0726105033966034,0.132260995175329,-0.0154536106596730,0.081363239645084
23672,0.165021727372627,0.00527158321678322,0.0640203033966034,0.131963549007035,-0.0153944227369527,0.0811404173860325
23673,0.168568227372627,0.0106643832167832,0.0597252033966034,0.131665542033043,-0.0153354827890976,0.0809176630981674
23674,0.166440327372627,0.0133607832167832,0.0597252033966034,0.131366983082507,-0.0152767935101163,0.0806949776117867
23675,0.166440327372627,0.0133607832167832,0.0582935033966034,0.131067881177223,-0.0152183574568715,0.0804723616499769
23676,0.164312427372627,0.0133607832167832,0.0582935033966034,0.130768245534502,-0.0151601770345048,0.0802498158189657
23677,0.164312427372627,0.0147089832167832,0.0640203033966034,0.130468085564171,-0.0151022544907070,0.08002734060688
23678,0.162893827372627,0.0160571832167832,0.0640203033966034,0.130167410864592,-0.0150445919127805,0.0798049363909086
23679,0.160056627372627,0.0160571832167832,0.0668837033966034,0.129866231218443,-0.0149871912233033,0.0795826034508925
23680,0.155800827372627,0.0160571832167832,0.0711788033966034,0.129564556585316,-0.0149300541757914,0.0793603419839037
23681,0.155800827372627,0.0120125832167832,0.0769056033966034,0.129262397089665,-0.0148731823540852,0.0791381521212952
23682,0.150835727372627,0.0106643832167832,0.0812007033966034,0.128959763007525,-0.014816577178252,0.078916033952179
23683,0.147289227372627,0.0120125832167832,0.0883592033966034,0.128656664753248,-0.0147602399146780,0.0786939875518472
23684,0.143742727372627,0.00796798321678322,0.0955177033966034,0.128353112863287,-0.0147041716842963,0.078472013013655
23685,0.142324127372627,0.00796798321678322,0.0998128033966034,0.128049117978276,-0.0146483734689505,0.078250110484363
23686,0.138777627372627,0.00527158321678322,0.0998128033966034,0.127744690827561,-0.0145928461196203,0.0780282801975015
23687,0.138777627372627,0.00661978321678322,0.0998128033966034,0.127439842216917,-0.0145375903651102,0.0778065224958587
23688,0.135231127372627,0.00796798321678322,0.102676203396603,0.127134583018473,-0.0144826068170121,0.0775848378420991
23689,0.134521827372627,0.00527158321678322,0.102676203396603,0.126828924161862,-0.0144278959700112,0.0773632268254287
23690,0.133812527372627,0.00527158321678322,0.102676203396603,0.126522876626111,-0.0143734582021892,0.0771416901687526
23691,0.132393927372627,0.00527158321678322,0.102676203396603,0.126216451433489,-0.0143192937785862,0.0769202287338551
23692,0.132393927372627,0.00527158321678322,0.0998128033966034,0.125909659645566,-0.0142654028547605,0.076698843522624
23693,0.132393927372627,0.00257518321678322,0.0983811033966034,0.125602512360744,-0.0142117854789504,0.0764775356738242
23694,0.133103227372627,0.00257518321678322,0.0969494033966034,0.125295020713986,-0.0141584415960965,0.0762563064559155
23695,0.132393927372627,0.00122698321678322,0.0940860033966034,0.124987195878765,-0.0141053710541911,0.076035157258387
23696,0.130975327372627,0.00122698321678322,0.0883592033966034,0.124679049068759,-0.0140525736101597,0.0758140895811131
23697,0.130975327372627,-0.000121216783216783,0.0854958033966034,0.124370591537104,-0.0140000489343451,0.0755931050182701
23698,0.130975327372627,0.00257518321678322,0.0783373033966034,0.124061834574422,-0.0139477966135922,0.075372205236814
23699,0.133812527372627,0.00392338321678322,0.0740422033966034,0.123752789509299,-0.0138958161506077,0.075151391951496
23700,0.135231127372627,0.00661978321678322,0.0711788033966034,0.123443467713914,-0.0138441069577295,0.0749306668983957
23701,0.138777627372627,0.00796798321678322,0.0668837033966034,0.123133880614805,-0.0137926683469719,0.0747100318109245
23702,0.138777627372627,0.0106643832167832,0.0597252033966034,0.122824039706341,-0.0137414995191361,0.0744894883983011
23703,0.144452027372627,0.0160571832167832,0.0554301033966034,0.122513956564677,-0.0136905995515237,0.0742690383210607
23704,0.147998527372627,0.0160571832167832,0.0554301033966034,0.122203642863919,-0.0136399673823891,0.0740486831645847
23705,0.149417127372627,0.0201017832167832,0.0525667033966034,0.121893110396209,-0.0135896017944593,0.0738284244190587
23706,0.149417127372627,0.0201017832167832,0.0511350033966034,0.121582371090589,-0.0135395014012455,0.0736082634678342
23707,0.147998527372627,0.0214499832167832,0.0525667033966034,0.121271437024019,-0.0134896646366130,0.0733882015797465
23708,0.143742727372627,0.0187535832167832,0.0554301033966034,0.120960320422857,-0.0134400897485393,0.0731682399063751
23709,0.137359027372627,0.0133607832167832,0.0597252033966034,0.120649033654038,-0.0133907748007868,0.072948379488699
23710,0.128138127372627,0.00257518321678322,0.0697471033966034,0.120337589204013,-0.0133417176880753,0.0727286212751223
23711,0.116080027372627,-0.00551401678321678,0.0826324033966034,0.120025999643975,-0.0132929161684809,0.0725089661543335
23712,0.104731227372627,-0.0189960167832168,0.0912226033966034,0.119714277581602,-0.0132443679102671,0.0722894150049736
23713,0.0940917273726274,-0.0297816167832168,0.0998128033966034,0.119402435603506,-0.0131960705480256,0.07206996875371
23714,0.0862894273726274,-0.0365226167832168,0.104107903396603,0.119090486216205,-0.0131480217430071,0.0718506284288599
23715,0.0806150273726274,-0.0405672167832168,0.108403003396603,0.118778441793217,-0.0131002192378628,0.0716313952031347
23716,0.0777778273726274,-0.0432636167832168,0.109834703396603,0.118466314533189,-0.0130526608969514,0.071412270425013
23717,0.0770685273726274,-0.0446118167832168,0.106971303396603,0.118154116431239,-0.0130053447322109,0.0711932556387401
23718,0.0749406273726274,-0.0432636167832168,0.105539603396603,0.117841859262560,-0.0129582689183207,0.0709743525914723
23719,0.0770685273726274,-0.0432636167832168,0.0998128033966034,0.117529554574588,-0.0129114317990158,0.0707555632280591
23720,0.0763592273726274,-0.0432636167832168,0.0969494033966034,0.117217213685056,-0.0128648318873469,0.0705368896769255
23721,0.0784871273726274,-0.0419154167832168,0.0926543033966034,0.116904847684698,-0.0128184678640766,0.0703183342310091
23722,0.0791964273726274,-0.0392190167832168,0.0840641033966034,0.116592467442893,-0.0127723385746781,0.0700998993257301
23723,0.0820336273726274,-0.0351744167832168,0.0797690033966034,0.116280083615516,-0.0127264430216761,0.069881587512016
23724,0.0841615273726274,-0.0324780167832168,0.0697471033966034,0.115967706655483,-0.0126807803509335,0.0696634014233929
23725,0.0891266273726274,-0.0311298167832168,0.0654520033966034,0.115655346826723,-0.0126353498351438,0.0694453437396144
23726,0.0919638273726274,-0.0257370167832168,0.0611569033966034,0.115343014222320,-0.0125901508582531,0.0692274171507852
23727,0.0940917273726274,-0.0243888167832168,0.0582935033966034,0.115030718785094,-0.0125451828998807,0.0690096243274162
23728,0.0955103273726274,-0.0230406167832168,0.0554301033966034,0.114718470326235,-0.0125004455192730,0.0687919678983905
23729,0.0976382273726274,-0.0189960167832168,0.0539984033966034,0.114406278539762,-0.0124559383415839,0.0685744504343672
23730,0.0990568273726274,-0.0203442167832168,0.0497033033966034,0.114094153014539,-0.0124116610464824,0.0683570744341509
23731,0.0990568273726274,-0.0162996167832168,0.0511350033966034,0.113782103245061,-0.0123676133581551,0.068139842312544
23732,0.0990568273726274,-0.0176478167832168,0.0497033033966034,0.113470138639551,-0.0123237950371703,0.0679227563911647
23733,0.0962196273726274,-0.0176478167832168,0.0511350033966034,0.113158268523393,-0.0122802058746683,0.0677058188947031
23734,0.0955103273726274,-0.0176478167832168,0.0525667033966034,0.112846502137190,-0.0122368456902761,0.0674890319521204
23735,0.0948010273726274,-0.0176478167832168,0.0554301033966034,0.112534848631374,-0.0121937143328133,0.0672723976022978
23736,0.0926731273726274,-0.0189960167832168,0.0554301033966034,0.112223317060832,-0.0121508116814630,0.0670559178036396
23737,0.0919638273726274,-0.0203442167832168,0.0582935033966034,0.111911916380012,-0.0121081376483384,0.0668395944446643
23738,0.0905452273726274,-0.0203442167832168,0.0611569033966034,0.111600655437539,-0.0120656921833756,0.0666234293545956
23739,0.0862894273726274,-0.0203442167832168,0.0640203033966034,0.111289542969856,-0.0120234752792255,0.0664074243164234
23740,0.0834522273726274,-0.0257370167832168,0.0697471033966034,0.110978587591427,-0.0119814869756783,0.0661915810839206
23741,0.0806150273726274,-0.0270852167832168,0.0769056033966034,0.110667797780535,-0.0119397273682783,0.0659759014040969
23742,0.0763592273726274,-0.0297816167832168,0.0812007033966034,0.110357181863365,-0.0118981966225230,0.0657603870465746
23743,0.0721034273726274,-0.0338262167832168,0.0854958033966034,0.110046747997105,-0.0118568949894592,0.0655450398359293
23744,0.0671383273726274,-0.0365226167832168,0.0869275033966034,0.109736504150347,-0.0118158228217423,0.0653298616800749
23745,0.0650104273726274,-0.0392190167832168,0.0912226033966034,0.109426458081538,-0.0117749805910920,0.0651148545922196
23746,0.0635918273726274,-0.0432636167832168,0.0940860033966034,0.109116617319622,-0.0117343689057461,0.06490002070936
23747,0.0635918273726274,-0.0446118167832168,0.0955177033966034,0.108806989151059,-0.0116939885274477,0.0646853623102799
23748,0.0635918273726274,-0.0432636167832168,0.0969494033966034,0.108497580613944,-0.0116538403861035,0.0644708818315704
23749,0.0650104273726274,-0.0392190167832168,0.0940860033966034,0.108188398497512,-0.0116139255860588,0.0642565818782103
23750,0.0699755273726274,-0.0338262167832168,0.0883592033966034,0.107879449347031,-0.0115742453993366,0.0640424652247511
23751,0.0763592273726274,-0.0257370167832168,0.0826324033966034,0.107570739477517,-0.0115348012458361,0.0638285348031517
23752,0.0869987273726274,-0.0122550167832168,0.0726105033966034,0.107262275000175,-0.0114955946604959,0.0636147936772614
23753,0.0948010273726274,-0.000121216783216783,0.0611569033966034,0.106954061862081,-0.0114566272450888,0.0634012450054372
23754,0.105440527372627,0.0133607832167832,0.0511350033966034,0.106646105894912,-0.0114179006060488,0.0631878919917859
23755,0.113242827372627,0.0227981832167832,0.0439765033966034,0.106338412867109,-0.0113794162862436,0.0629747378314738
23756,0.116789327372627,0.0281909832167832,0.0382497033966034,0.106030988534086,-0.0113411757009362,0.0627617856599897
23757,0.118207927372627,0.0295391832167832,0.0368180033966034,0.105723838678870,-0.0113031800877129,0.0625490385132849
23758,0.120335827372627,0.0308873832167832,0.0368180033966034,0.105416969138303,-0.0112654304754997,0.0623364993017558
23759,0.118207927372627,0.0308873832167832,0.0368180033966034,0.105110385817469,-0.0112279276694074,0.0621241707980697
23760,0.116789327372627,0.0295391832167832,0.0396814033966034,0.104804094695560,-0.0111906722448875,0.061912055635373
23761,0.113952127372627,0.0281909832167832,0.0425448033966034,0.104498101823650,-0.0111536645479394,0.0617001563129137
23762,0.109696327372627,0.0254945832167832,0.0468399033966034,0.104192413315848,-0.0111169047004380,0.0614884752085858
23763,0.106149827372627,0.0227981832167832,0.0482716033966034,0.103887035335322,-0.0110803926096498,0.0612770145964167
23764,0.104731227372627,0.0227981832167832,0.0525667033966034,0.103581974077362,-0.0110441279800761,0.0610657766650415
23765,0.101894027372627,0.0187535832167832,0.0597252033966034,0.103277235753928,-0.0110081103248294,0.0608547635371659
23766,0.0976382273726274,0.0160571832167832,0.0625886033966034,0.102972826580630,-0.0109723389770074,0.0606439772939713
23767,0.0962196273726274,0.0106643832167832,0.0697471033966034,0.102668752762990,-0.0109368131047920,0.0604334200039699
23768,0.0926731273726274,0.00661978321678322,0.0683154033966034,0.102365020481703,-0.0109015317316668,0.0602230937508678
23769,0.0919638273726274,0.00392338321678322,0.0711788033966034,0.102061635879379,-0.0108664937594285,0.0600130006550012
23770,0.0898359273726274,0.00257518321678322,0.0726105033966034,0.101758605049730,-0.0108316979893330,0.0598031428868585
23771,0.0912545273726274,0.00392338321678322,0.0754739033966034,0.101455934029934,-0.010797143136723,0.0595935226776364
23772,0.0905452273726274,-0.00281761678321678,0.0754739033966034,0.101153628797414,-0.0107628278396007,0.0593841423307815
23773,0.0898359273726274,-0.00281761678321678,0.0740422033966034,0.100851695270037,-0.0107287506681310,0.0591750042315549
23774,0.0891266273726274,-0.00281761678321678,0.0740422033966034,0.100550139306318,-0.010694910137402,0.0589661108506606
23775,0.0891266273726274,0.00257518321678322,0.0754739033966034,0.100248966704149,-0.0106613047145974,0.0587574647439184
23776,0.0891266273726274,-0.00146941678321678,0.0726105033966034,0.0999481831997678,-0.0106279328154585,0.0585490685524288
23777,0.0884173273726274,-0.000121216783216783,0.0711788033966034,0.099647794467954,-0.0105947927984176,0.0583409250017483
23778,0.0884173273726274,-0.00146941678321678,0.0711788033966034,0.0993478061224665,-0.0105618829643162,0.0581330368971077
23779,0.0884173273726274,0.00122698321678322,0.0683154033966034,0.0990482237162334,-0.0105292015584508,0.0579254071171457
23780,0.0884173273726274,-0.000121216783216783,0.0640203033966034,0.0987490527420296,-0.0104967467698238,0.0577180386066524
23781,0.0891266273726274,0.00527158321678322,0.0654520033966034,0.098450298634132,-0.0104645167271333,0.0575109343658498
23782,0.0905452273726274,0.00527158321678322,0.0568618033966034,0.0981519667714428,-0.0104325094910375,0.0573040974376935
23783,0.0926731273726274,0.00661978321678322,0.0497033033966034,0.0978540624833039,-0.0104007230436238,0.0570975308907235
23784,0.0926731273726274,0.0106643832167832,0.0468399033966034,0.0975565910580045,-0.0103691552783432,0.0568912377920237
23785,0.0933824273726274,0.0106643832167832,0.0454082033966034,0.0972595577512857,-0.0103378039899418,0.0566852211777088
23786,0.0926731273726274,0.0133607832167832,0.0411131033966034,0.0969629677921486,-0.0103066668634618,0.0564794840318146
23787,0.0940917273726274,0.0160571832167832,0.0382497033966034,0.09666682638621,-0.0102757414637056,0.0562740292711199
23788,0.0969289273726274,0.0174053832167832,0.0353863033966034,0.0963711387197909,-0.0102450252242333,0.0560688597294725
23789,0.0990568273726274,0.0174053832167832,0.0325229033966034,0.0960759099684116,-0.0102145154363597,0.0558639781416198
23790,0.0990568273726274,0.0174053832167832,0.0310912033966034,0.0957811453089587,-0.0101842092418744,0.0556593871285198
23791,0.0983475273726274,0.0133607832167832,0.0339546033966034,0.0954868499298893,-0.0101541036318131,0.0554550891866072
23792,0.0926731273726274,0.0106643832167832,0.0368180033966034,0.0951930290338401,-0.0101241954526788,0.0552510866859573
23793,0.0862894273726274,0.00257518321678322,0.0425448033966034,0.0948996878284754,-0.0100944814215060,0.0550473818803147
23794,0.0784871273726274,-0.00551401678321678,0.0525667033966034,0.0946068315038598,-0.0100649581511695,0.0548439769289863
23795,0.0664290273726274,-0.0189960167832168,0.0611569033966034,0.094314465197826,-0.0100356221882610,0.054640873931589
23796,0.0564988273726274,-0.0284334167832168,0.0683154033966034,0.0940225939505618,-0.010006470064003,0.0544380749731778
23797,0.0508244273726274,-0.0338262167832168,0.0740422033966034,0.0937312226525797,-0.00997749835121329,0.054235582170856
23798,0.0444407273726274,-0.0378708167832168,0.0754739033966034,0.0934403559963598,-0.00994870371428533,0.0540333977134618
23799,0.0430221273726274,-0.0392190167832168,0.0783373033966034,0.0931499984390115,-0.00992008294426794,0.0538315238903754
23800,0.0408942273726274,-0.0405672167832168,0.0783373033966034,0.0928601541766904,-0.00989163298044195,0.0536299631099412
23801,0.0401849273726274,-0.0378708167832168,0.0740422033966034,0.0925708271293014,-0.00986335092165267,0.053428717908989
23802,0.0408942273726274,-0.0378708167832168,0.0726105033966034,0.0922820209327916,-0.0098352340287951,0.0532277909519694
23803,0.0401849273726274,-0.0378708167832168,0.0683154033966034,0.0919937389365847,-0.00980727972171107,0.0530271850206944
23804,0.0423128273726274,-0.0338262167832168,0.0654520033966034,0.0917059842046871,-0.00977948557468853,0.0528269029996255
23805,0.0444407273726274,-0.0351744167832168,0.0582935033966034,0.0914187595202201,-0.00975184931056336,0.0526269478581937
23806,0.0444407273726274,-0.0297816167832168,0.0511350033966034,0.0911320673936238,-0.00972436879249216,0.0524273226271842
23807,0.0494058273726274,-0.0270852167832168,0.0497033033966034,0.0908459100730625,-0.0096970420129306,0.0522280303691869
23808,0.0522430273726274,-0.0216924167832168,0.0439765033966034,0.0905602895575217,-0.00966986707748944,0.052029074150033
23809,0.0557895273726274,-0.0203442167832168,0.0425448033966034,0.0902752076145562,-0.00964284218459917,0.0518304570161633
23810,0.0572081273726274,-0.0189960167832168,0.0396814033966034,0.0899906657999953,-0.0096159656065707,0.0516321819764451
23811,0.0593360273726274,-0.0189960167832168,0.0396814033966034,0.0897066654751947,-0.00958923567670803,0.0514342519879417
23812,0.0586267273726274,-0.0162996167832168,0.0411131033966034,0.0894232078201219,-0.00956265078200712,0.051236669947614
23813,0.0607546273726274,-0.0189960167832168,0.0382497033966034,0.089140293842274,-0.00953620935818208,0.0510394386899531
23814,0.0614639273726274,-0.0176478167832168,0.0368180033966034,0.0888579243833882,-0.00950990988701846,0.0508425609855997
23815,0.0635918273726274,-0.0162996167832168,0.0368180033966034,0.0885761001268837,-0.00948375089605376,0.050646039536501
23816,0.0643011273726274,-0.0149514167832168,0.0368180033966034,0.0882948216067707,-0.00945773095639479,0.0504498769705706
23817,0.0657197273726274,-0.0136032167832168,0.0368180033966034,0.0880140892168014,-0.00943184867680943,0.0502540758398081
23818,0.0678476273726274,-0.0149514167832168,0.0396814033966034,0.0877339032193726,-0.00940610269735204,0.0500586386218772
23819,0.0678476273726274,-0.0136032167832168,0.0396814033966034,0.0874542637546707,-0.00938049168578172,0.049863567725143
23820,0.0706848273726274,-0.0122550167832168,0.0411131033966034,0.0871751708498132,-0.00935501433584219,0.0496688654961799
23821,0.0713941273726274,-0.0149514167832168,0.0411131033966034,0.086896624427988,-0.0093296693650753,0.0494745342267822
23822,0.0735220273726274,-0.0122550167832168,0.0439765033966034,0.0866186243183236,-0.00930445551356502,0.0492805761599848
23823,0.0728127273726274,-0.0149514167832168,0.0468399033966034,0.0863411702655116,-0.0092793715445431,0.0490869934980585
23824,0.0706848273726274,-0.0189960167832168,0.0511350033966034,0.0860642619359974,-0.00925441624732198,0.0488937884154486
23825,0.0692662273726274,-0.0243888167832168,0.0525667033966034,0.0857878989177984,-0.0092295884476765,0.0487009630761605
23826,0.0664290273726274,-0.0270852167832168,0.0568618033966034,0.0855120807144402,-0.00920488702753696,0.0485085196521328
23827,0.0650104273726274,-0.0311298167832168,0.0597252033966034,0.0852368067359511,-0.00918031094794047,0.0483164603411132
23828,0.0607546273726274,-0.0338262167832168,0.0640203033966034,0.084962076288383,-0.00915585927011942,0.0481247873855216
23829,0.0579174273726274,-0.0392190167832168,0.0668837033966034,0.0846878885611252,-0.00913153117519231,0.0479335030927942
23830,0.0543709273726274,-0.0419154167832168,0.0683154033966034,0.0844142426115205,-0.00910732598478518,0.0477426098552312
23831,0.0543709273726274,-0.0432636167832168,0.0683154033966034,0.0841411373492334,-0.00908324318165226,0.0475521101658867
23832,0.0557895273726274,-0.0446118167832168,0.0683154033966034,0.0838685715255147,-0.0090592824261057,0.0473620066280286
23833,0.0572081273726274,-0.0392190167832168,0.0683154033966034,0.0835965437312805,-0.00903544356452933,0.0471723019591583
23834,0.0628825273726274,-0.0297816167832168,0.0611569033966034,0.083325052404253,-0.00901172662438954,0.0469829989900831
23835,0.0685569273726274,-0.0189960167832168,0.0511350033966034,0.0830540958451605,-0.0089881317887591,0.0467941006526147
23836,0.0813243273726274,-0.00551401678321678,0.0396814033966034,0.0827836722456927,-0.0089646593503541,0.0466056099479824
23837,0.0891266273726274,0.00392338321678322,0.0282278033966034,0.0825137797304154,-0.0089413096525335,0.0464175298974452
23838,0.0997661273726274,0.0160571832167832,0.0239327033966034,0.0822444164089707,-0.0089180830261075,0.0462298634859784
23839,0.105440527372627,0.0214499832167832,0.0196376033966034,0.0819755804299883,-0.00889497972893903,0.0460426136128806
23840,0.107568427372627,0.0254945832167832,0.0167742033966034,0.0817072700283807,-0.00887199989439067,0.0458557830572119
23841,0.110405627372627,0.0281909832167832,0.0153425033966034,0.0814394835598976,-0.00884914349373902,0.0456693744555897
23842,0.110405627372627,0.0281909832167832,0.0153425033966034,0.0811722195224493,-0.00882641031255615,0.0454833902878939
23843,0.111114927372627,0.0268427832167832,0.0182059033966034,0.0809054765686103,-0.00880379993826483,0.0452978328708802
23844,0.110405627372627,0.0281909832167832,0.0225010033966034,0.0806392535124842,-0.00878131175653929,0.0451127043616798
23845,0.109696327372627,0.0281909832167832,0.0253644033966034,0.0803735493324026,-0.00875894495143021,0.044928006771186
23846,0.106149827372627,0.0268427832167832,0.0267961033966034,0.0801083631697022,-0.00873669850502339,0.0447437419823820
23847,0.103312627372627,0.0241463832167832,0.0325229033966034,0.0798436943221087,-0.00871457119896008,0.044559911768172
23848,0.0997661273726274,0.0201017832167832,0.0382497033966034,0.0795795422314849,-0.00869256162200953,0.0443765178106939
23849,0.0955103273726274,0.0160571832167832,0.0411131033966034,0.0793159064679015,-0.00867066818462472,0.0441935617260677
23850,0.0926731273726274,0.0133607832167832,0.0468399033966034,0.0790527867117451,-0.00864888913815351,0.0440110450916136
23851,0.0891266273726274,0.00527158321678322,0.0497033033966034,0.0787901827353338,-0.0086272225963771,0.0438289694715848
23852,0.0862894273726274,0.00527158321678322,0.0525667033966034,0.0785280943855091,-0.00860566655937576,0.0436473364409202
23853,0.0841615273726274,0.00257518321678322,0.0539984033966034,0.0782665215676956,-0.00858421893646294,0.0434661476055329
23854,0.0820336273726274,0.00122698321678322,0.0525667033966034,0.0780054642319168,-0.0085628775626002,0.0432854046166639
23855,0.0834522273726274,-0.00281761678321678,0.0539984033966034,0.0777449223622378,-0.0085416402101557,0.0431051091783107
23856,0.0827429273726274,-0.00281761678321678,0.0554301033966034,0.0774848959715938,-0.00852050460112765,0.0429252630506984
23857,0.0827429273726274,-0.00416581678321678,0.0539984033966034,0.0772253851015151,-0.0084994684189016,0.0427458680542422
23858,0.0834522273726274,-0.00416581678321678,0.0525667033966034,0.0769663898235641,-0.00847852931628237,0.0425669260725191
23859,0.0834522273726274,-0.00416581678321678,0.0511350033966034,0.076707910241259,-0.0084576849198007,0.0423884390502928
23860,0.0834522273726274,-0.00686221678321678,0.0468399033966034,0.0764499464927296,-0.00843693283262253,0.0422104089865908
23861,0.0848708273726274,-0.00686221678321678,0.0482716033966034,0.0761924987536153,-0.00841627063885452,0.0420328379248138
23862,0.0862894273726274,-0.00686221678321678,0.0468399033966034,0.075935567241185,-0.00839569590924596,0.0418557279438303
23863,0.0862894273726274,-0.00551401678321678,0.0425448033966034,0.0756791522206591,-0.00837520620456207,0.0416790811520359
23864,0.0884173273726274,-0.00416581678321678,0.0411131033966034,0.0754232540122625,-0.00835479907430093,0.0415028996794321
23865,0.0898359273726274,-0.00416581678321678,0.0368180033966034,0.0751678729985207,-0.00833447205215072,0.0413271856647581
23866,0.0940917273726274,-0.000121216783216783,0.0310912033966034,0.0749130096340025,-0.00831422265004975,0.0411519412391593
23867,0.0962196273726274,0.00392338321678322,0.0282278033966034,0.0746586644592232,-0.00829404834898678,0.0409771685058973
23868,0.0976382273726274,0.00527158321678322,0.0239327033966034,0.0744048381169957,-0.00827394658421386,0.0408028695175858
23869,0.101894027372627,0.0106643832167832,0.0182059033966034,0.0741515313680429,-0.0082539147276651,0.0406290462539173
23870,0.103312627372627,0.0133607832167832,0.0139108033966034,0.073898745106118,-0.00823395006990942,0.0404557005983997
23871,0.104731227372627,0.0147089832167832,0.0110474033966034,0.0736464803733663,-0.0082140498016374,0.0402828343136056
23872,0.104731227372627,0.0147089832167832,0.0081840033966034,0.07339473837299,-0.00819421099840687,0.0401104490188919
23873,0.103312627372627,0.0160571832167832,0.0067523033966034,0.0731435204765213,-0.00817443061190654,0.0399385461730611
23874,0.0983475273726274,0.0106643832167832,0.0067523033966034,0.072892828223988,-0.00815470546727202,0.0397671270619639
23875,0.0940917273726274,0.00661978321678322,0.0110474033966034,0.0726426633145242,-0.00813503226878231,0.0395961927930217
23876,0.0862894273726274,-0.00281761678321678,0.0196376033966034,0.0723930275869343,-0.00811540761812712,0.0394257443021064
23877,0.0735220273726274,-0.0109068167832168,0.0310912033966034,0.0721439229897206,-0.00809582804571055,0.039255782378713
23878,0.0621732273726274,-0.0243888167832168,0.0411131033966034,0.0718953515371465,-0.00807629005359456,0.0390863077099164
23879,0.0501151273726274,-0.0324780167832168,0.0497033033966034,0.0716473152520684,-0.00805679016821959,0.0389173209352043
23880,0.0430221273726274,-0.0432636167832168,0.0582935033966034,0.0713998161043562,-0.00803732499778104,0.038748822701801
23881,0.0352198273726274,-0.0473082167832168,0.0625886033966034,0.0711528559546988,-0.00801789128681192,0.0385808137145505
23882,0.0323826273726274,-0.0473082167832168,0.0668837033966034,0.070906436508941,-0.00799848596005653,0.0384132947773907
23883,0.0295454273726274,-0.0500046167832168,0.0640203033966034,0.0706605592844191,-0.0079791061495825,0.0382462668229594
23884,0.0316733273726274,-0.0459600167832168,0.0654520033966034,0.0704152255890317,-0.007959749206528,0.0380797309278579
23885,0.0338012273726274,-0.0432636167832168,0.0625886033966034,0.07017043651378,-0.00794041270167437,0.0379136883160466
23886,0.0345105273726274,-0.0432636167832168,0.0597252033966034,0.0699261929368179,-0.00792109441717234,0.037748140355315
23887,0.0366384273726274,-0.0419154167832168,0.0554301033966034,0.0696824955328882,-0.0079017923359402,0.0375830885478162
23888,0.0408942273726274,-0.0405672167832168,0.0525667033966034,0.069439344784225,-0.00788250463432092,0.0374185345146653
23889,0.0451500273726274,-0.0365226167832168,0.0497033033966034,0.0691967409953733,-0.00786322967520492,0.0372544799780629
23890,0.0451500273726274,-0.0311298167832168,0.0425448033966034,0.068954684312414,-0.00784396599603105,0.0370909267429215
23891,0.0451500273726274,-0.0270852167832168,0.0382497033966034,0.0687131747397366,-0.00782471228933805,0.0369278766750278
23892,0.0472779273726274,-0.0243888167832168,0.0353863033966034,0.0684722121494603,-0.00780546737912555,0.0367653316752472
23893,0.0508244273726274,-0.0216924167832168,0.0310912033966034,0.0682317962884021,-0.00778623019907736,0.0366032936552088
23894,0.0515337273726274,-0.0230406167832168,0.0267961033966034,0.067991926788962,-0.00776699977637189,0.036441764516448
23895,0.0529523273726274,-0.0216924167832168,0.0253644033966034,0.0677526031822089,-0.00774777522247655,0.0362807461305359
23896,0.0529523273726274,-0.0189960167832168,0.0253644033966034,0.0675138249082695,-0.007728555728598,0.0361202403221722
23897,0.0529523273726274,-0.0203442167832168,0.0239327033966034,0.0672755913227947,-0.00770934056066682,0.0359602488591973
23898,0.0508244273726274,-0.0189960167832168,0.0210693033966034,0.0670379016997488,-0.00769012905385656,0.0358007734470516
23899,0.0486965273726274,-0.0203442167832168,0.0225010033966034,0.0668007552295412,-0.0076709206098963,0.0356418157227374
23900,0.0479872273726274,-0.0230406167832168,0.0196376033966034,0.0665641510127465,-0.00765171469810803,0.0354833772487782
23901,0.0486965273726274,-0.0216924167832168,0.0182059033966034,0.0663280880533313,-0.00763251086016874,0.0353254595081635
23902,0.0479872273726274,-0.0216924167832168,0.0196376033966034,0.066092565255552,-0.00761330871533812,0.0351680638987969
23903,0.0472779273726274,-0.0203442167832168,0.0196376033966034,0.0658575814237901,-0.00759410796149589,0.0350111917299187
23904,0.0486965273726274,-0.0230406167832168,0.0196376033966034,0.0656231352626282,-0.00757490837338548,0.0348548442229754
23905,0.0465686273726274,-0.0230406167832168,0.0210693033966034,0.0653892253771691,-0.00755570980318573,0.0346990225144644
23906,0.0458593273726274,-0.0257370167832168,0.0267961033966034,0.0651558502728611,-0.007536512185273,0.0345437276612482
23907,0.0430221273726274,-0.0257370167832168,0.0282278033966034,0.0649230083521366,-0.00751731554331112,0.0343889606527864
23908,0.0401849273726274,-0.0257370167832168,0.0325229033966034,0.0646906979068834,-0.00749811999687593,0.0342347224293
23909,0.0373477273726274,-0.0284334167832168,0.0368180033966034,0.064458917107238,-0.00747892576621725,0.0340810139014145
23910,0.0366384273726274,-0.0284334167832168,0.0425448033966034,0.0642276639886626,-0.00745973317702096,0.0339278359717783
23911,0.0352198273726274,-0.0324780167832168,0.0468399033966034,0.0639969364409775,-0.007440542667499,0.0337751895606341
23912,0.0330919273726274,-0.0338262167832168,0.0482716033966034,0.063766732200576,-0.00742135479827295,0.0336230756323757
23913,0.0316733273726274,-0.0365226167832168,0.0525667033966034,0.0635370488433705,-0.00740217026458564,0.0334714952181462
23914,0.0302547273726274,-0.0365226167832168,0.0525667033966034,0.0633078837770014,-0.00738298990851267,0.0333204494334898
23915,0.0309640273726274,-0.0351744167832168,0.0554301033966034,0.0630792342340226,-0.00736381472744915,0.0331699394925388
23916,0.0323826273726274,-0.0324780167832168,0.0525667033966034,0.0628510972690037,-0.0073446458756125,0.0330199667182423
23917,0.0366384273726274,-0.0243888167832168,0.0497033033966034,0.0626234697622427,-0.00732548465576765,0.0328705325456704
23918,0.0423128273726274,-0.0189960167832168,0.0425448033966034,0.0623963484322948,-0.00730633249884664,0.0327216385144373
23919,0.0529523273726274,-0.00821041678321678,0.0339546033966034,0.062169729859766,-0.00728719093192833,0.0325732862477716
23920,0.0607546273726274,0.00392338321678322,0.0225010033966034,0.0619436105240863,-0.00726806153597482,0.0324254774177405
23921,0.0671383273726274,0.0120125832167832,0.0139108033966034,0.0617179868490989,-0.00724894589379033,0.0322782136986033
23922,0.0721034273726274,0.0187535832167832,0.0081840033966034,0.0614928552476667,-0.00722984553472083,0.0321314967157126
23923,0.0763592273726274,0.0254945832167832,0.0024572033966034,0.0612682121589272,-0.00721076188587193,0.0319853279998517
23924,0.0777778273726274,0.0281909832167832,0.0038889033966034,0.0610440540777068,-0.00719169623263863,0.0318397089529398
23925,0.0791964273726274,0.0295391832167832,0.0024572033966034,0.0608203775760924,-0.007172649688547,0.0316946408275797
23926,0.0784871273726274,0.0268427832167832,0.0010255033966034,0.0605971793169187,-0.00715362317720113,0.0315501247184676
23927,0.0784871273726274,0.0281909832167832,0.0038889033966034,0.0603744560603928,-0.0071346174268013,0.0314061615592396
23928,0.0799057273726274,0.0254945832167832,0.0081840033966034,0.0601522046667969,-0.00711563297211145,0.0312627521242591
23929,0.0770685273726274,0.0227981832167832,0.0110474033966034,0.0599304220982095,-0.00709667015968578,0.0311198970397948
23930,0.0742313273726274,0.0227981832167832,0.0167742033966034,0.0597091054175283,-0.00707772915635437,0.0309775968031080
23931,0.0749406273726274,0.0201017832167832,0.0196376033966034,0.0594882517821026,-0.00705880995910556,0.0308358518049965
23932,0.0721034273726274,0.0174053832167832,0.0253644033966034,0.0592678584356476,-0.00703991240450251,0.0306946623538195
23933,0.0713941273726274,0.0106643832167832,0.0267961033966034,0.059047922701871,-0.00702103618135887,0.030554028699519
23934,0.0692662273726274,0.00931618321678322,0.0282278033966034,0.0588284419780977,-0.00700218084993273,0.030413951054672
23935,0.0671383273726274,0.00661978321678322,0.0310912033966034,0.0586094137276663,-0.00698334586344834,0.0302744296101005
23936,0.0671383273726274,0.00527158321678322,0.0325229033966034,0.0583908354718336,-0.00696453058542745,0.0301354645470172
23937,0.0657197273726274,0.00392338321678322,0.0339546033966034,0.0581727047829017,-0.00694573430189888,0.0299970560486745
23938,0.0650104273726274,0.00527158321678322,0.0368180033966034,0.0579550192795462,-0.00692695622988327,0.029859204311515
23939,0.0643011273726274,0.00257518321678322,0.0382497033966034,0.0577377766231233,-0.00690819552215288,0.0297219095563198
23940,0.0650104273726274,-0.000121216783216783,0.0368180033966034,0.0575209745147073,-0.00688945127152574,0.0295851720388584
23941,0.0628825273726274,-0.00146941678321678,0.0353863033966034,0.0573046106935977,-0.0068707225193501,0.0294489920555921
23942,0.0614639273726274,-0.00146941678321678,0.0368180033966034,0.0570886829353318,-0.0068520082663167,0.0293133699429462
23943,0.0607546273726274,-0.00416581678321678,0.0382497033966034,0.0568731890470017,-0.00683330748094300,0.0291783060760843
23944,0.0600453273726274,-0.00281761678321678,0.0382497033966034,0.0566581268615886,-0.00681461910572944,0.0290438008721305
23945,0.0607546273726274,-0.00416581678321678,0.0382497033966034,0.0564434942342547,-0.00679594206191864,0.0289098547953651
23946,0.0586267273726274,-0.00416581678321678,0.0339546033966034,0.0562292890408366,-0.00677727525239232,0.0287764683589568
23947,0.0614639273726274,-0.00416581678321678,0.0310912033966034,0.0560155091773169,-0.00675861756363686,0.0286436421192756
23948,0.0635918273726274,-0.00146941678321678,0.0282278033966034,0.0558021525619876,-0.00673996786631209,0.0285113766627849
23949,0.0635918273726274,-0.000121216783216783,0.0267961033966034,0.0555892171427551,-0.00672132501162954,0.0283796725904599
23950,0.0671383273726274,0.00527158321678322,0.0225010033966034,0.0553767009071375,-0.0067026878221436,0.0282485305036848
23951,0.0685569273726274,0.00796798321678322,0.0167742033966034,0.0551646018927497,-0.00668405507695541,0.0281179509891592
23952,0.0721034273726274,0.0106643832167832,0.0139108033966034,0.0549529181997453,-0.00666542549319195,0.0279879345988561
23953,0.0742313273726274,0.0133607832167832,0.0096157033966034,0.0547416480054613,-0.00664679770795069,0.0278584818270107
23954,0.0777778273726274,0.0201017832167832,0.0053206033966034,0.054530789580285,-0.00662817026117545,0.0277295930880951
23955,0.0806150273726274,0.0227981832167832,0.0010255033966034,0.0543203413044985,-0.00660954157527304,0.0276012686952837
23956,0.0813243273726274,0.0227981832167832,-0.0018378966033966,0.054110301685121,-0.00659090993286754,0.0274735088384218
23957,0.0813243273726274,0.0241463832167832,-0.000406196603396604,0.0539006693695642,-0.00657227346060731,0.0273463135649569
23958,0.0770685273726274,0.0201017832167832,0.0024572033966034,0.0536914431519369,-0.0065536301227496,0.0272196827702618
23959,0.0713941273726274,0.0147089832167832,0.0067523033966034,0.0534826219683248,-0.0065349777249883,0.0270936162013041
23960,0.0635918273726274,0.00527158321678322,0.0182059033966034,0.0532742048788397,-0.00651631393178405,0.0269681134741566
23961,0.0536616273726274,-0.00551401678321678,0.0253644033966034,0.0530661910369295,-0.00649763629952477,0.0268431741063372
23962,0.0458593273726274,-0.0176478167832168,0.0368180033966034,0.0528585796486422,-0.00647894232411964,0.0267187975620023
23963,0.0352198273726274,-0.0284334167832168,0.0454082033966034,0.0526513699260095,-0.00646022949883646,0.026594983303563
23964,0.0274175273726274,-0.0351744167832168,0.0511350033966034,0.0524445610382228,-0.00644149537493256,0.0264717308437940
23965,0.0217431273726274,-0.0419154167832168,0.0511350033966034,0.0522381520637877,-0.00642273761623306,0.026349039790522
23966,0.0196152273726274,-0.0446118167832168,0.0525667033966034,0.0520321419495338,-0.00640395404253502,0.0262269098754899
23967,0.0181966273726274,-0.0446118167832168,0.0482716033966034,0.0518265294821163,-0.00638514266044046,0.0261053409664063
23968,0.0167780273726274,-0.0459600167832168,0.0468399033966034,0.051621313271762,-0.00636630168115284,0.0259843330661371
23969,0.0181966273726274,-0.0446118167832168,0.0425448033966034,0.0514164917440977,-0.00634742952803064,0.0258638863029944
23970,0.0196152273726274,-0.0405672167832168,0.0368180033966034,0.0512120631380992,-0.00632852483715697,0.0257440009150886
23971,0.0217431273726274,-0.0378708167832168,0.0339546033966034,0.0510080255104079,-0.00630958644999438,0.0256246772297331
23972,0.0252896273726274,-0.0351744167832168,0.0267961033966034,0.0508043767450336,-0.00629061339905575,0.0255059156393855
23973,0.0281268273726274,-0.0311298167832168,0.0225010033966034,0.0506011145672194,-0.00627160489124747,0.0253877165756072
23974,0.0330919273726274,-0.0257370167832168,0.0167742033966034,0.0503982365609794,-0.00625256028981596,0.0252700804810426
23975,0.0366384273726274,-0.0243888167832168,0.0124791033966034,0.0501957401898178,-0.00623347909350085,0.0251530077809003
23976,0.0387663273726274,-0.0203442167832168,0.0110474033966034,0.0499936228189164,-0.0062143609156883,0.0250364988569042
23977,0.0408942273726274,-0.0149514167832168,0.0096157033966034,0.0497918817351148,-0.00619520546542697,0.0249205540271736
23978,0.0437314273726274,-0.0162996167832168,0.0096157033966034,0.0495905141629695,-0.00617601252844419,0.0248051735340124
23979,0.0444407273726274,-0.0136032167832168,0.0096157033966034,0.0493895172786063,-0.00615678195095584,0.0246903575381212
23980,0.0451500273726274,-0.0136032167832168,0.0096157033966034,0.0491888882216111,-0.00613751362999491,0.0245761061167636
23981,0.0458593273726274,-0.0136032167832168,0.0081840033966034,0.0489886241034891,-0.00611820750793058,0.0244624192634112
23982,0.0465686273726274,-0.0136032167832168,0.0053206033966034,0.0487887220134275,-0.0060988635693155,0.0243492968854083
23983,0.0465686273726274,-0.0136032167832168,0.0067523033966034,0.0485891790230765,-0.00607948184006126,0.0242367387981728
23984,0.0458593273726274,-0.0149514167832168,0.0081840033966034,0.0483899921901032,-0.00606006238801091,0.0241247447203821
23985,0.0451500273726274,-0.0162996167832168,0.0067523033966034,0.0481911585592945,-0.00604060532537401,0.0240133142745952
23986,0.0423128273726274,-0.0176478167832168,0.0081840033966034,0.0479926751604731,-0.00602111081395551,0.023902446990344
23987,0.0430221273726274,-0.0203442167832168,0.0081840033966034,0.0477945390034725,-0.00600157907271283,0.0237921423062317
23988,0.0430221273726274,-0.0203442167832168,0.0110474033966034,0.0475967470731095,-0.00598201038670991,0.0236823995730181
23989,0.0408942273726274,-0.0257370167832168,0.0124791033966034,0.0473992963268502,-0.00596240511700268,0.0235732180601620
23990,0.0380570273726274,-0.0257370167832168,0.0167742033966034,0.047202183691983,-0.00594276371238714,0.0234645969663164
23991,0.0380570273726274,-0.0297816167832168,0.0196376033966034,0.0470054060586267,-0.00592308672300997,0.0233565354337761
23992,0.0345105273726274,-0.0351744167832168,0.0253644033966034,0.0468089602707763,-0.00590337481537622,0.0232490325668771
23993,0.0338012273726274,-0.0365226167832168,0.0253644033966034,0.0466128431175919,-0.00588362879061629,0.0231420874528659
23994,0.0330919273726274,-0.0419154167832168,0.0325229033966034,0.0464170513249312,-0.00586384960508114,0.0230356991822704
23995,0.0302547273726274,-0.0405672167832168,0.0353863033966034,0.0462215815481047,-0.00584403838907531,0.0229298668692689
23996,0.0309640273726274,-0.0432636167832168,0.0368180033966034,0.0460264303656088,-0.00582419646093409,0.0228245896735378
23997,0.0295454273726274,-0.0459600167832168,0.0396814033966034,0.0458315942735922,-0.00580432533691057,0.0227198668196255
23998,0.0302547273726274,-0.0432636167832168,0.0396814033966034,0.045637069682525,-0.00578442673966597,0.0226156976108834
23999,0.0309640273726274,-0.0405672167832168,0.0382497033966034,0.0454428529165605,-0.00576450260256986,0.0225120814384504
24000,0.0338012273726274,-0.0338262167832168,0.0339546033966034,0.0452489402163251,-0.00574455506282614,0.0224090177828166
24001,0.0401849273726274,-0.0230406167832168,0.0282278033966034,0.0450553277480745,-0.00572458644016561,0.0223065062045082
24002,0.0486965273726274,-0.0109068167832168,0.0182059033966034,0.044862011623627,-0.00570459919924285,0.0222045463224065
24003,0.0607546273726274,-0.000121216783216783,0.0081840033966034,0.0446689879347472,-0.00568459589666843,0.0221031377787156
24004,0.0678476273726274,0.0120125832167832,0.0010255033966034,0.0444762528007555,-0.00566457911966051,0.022002280193049
24005,0.0763592273726274,0.0214499832167832,-0.0047012966033966,0.0442838024212803,-0.00564455142329973,0.0219019731145353
24006,0.0799057273726274,0.0268427832167832,-0.0104280966033966,0.0440916331245991,-0.00562451527150892,0.0218022159803485
24007,0.0827429273726274,0.0308873832167832,-0.0104280966033966,0.0438997414061801,-0.00560447298827608,0.0217030080831357
24008,0.0834522273726274,0.0335837832167832,-0.0104280966033966,0.0437081239554643,-0.00558442672284527,0.0216043485493181
24009,0.0820336273726274,0.0322355832167832,-0.0075646966033966,0.0435167776711332,-0.00556437842747866,0.0215062363307398
24010,0.0806150273726274,0.0308873832167832,-0.0075646966033966,0.0433256996663318,-0.00554432984685859,0.0214086702071907
24011,0.0770685273726274,0.0281909832167832,-0.0018378966033966,0.0431348872655619,-0.00552428251866389,0.0213116487948595
24012,0.0728127273726274,0.0268427832167832,0.0010255033966034,0.0429443379947146,-0.00550423778159588,0.0212151705597278
24013,0.0706848273726274,0.0241463832167832,0.0067523033966034,0.0427540495657127,-0.0054841967861978,0.0211192338368952
24014,0.0657197273726274,0.0214499832167832,0.0139108033966034,0.0425640198587024,-0.00546416050660555,0.0210238368553393
24015,0.0628825273726274,0.0160571832167832,0.0182059033966034,0.042374246903753,-0.00544412975462632,0.0209289777676176
24016,0.0621732273726274,0.0160571832167832,0.0210693033966034,0.0421847288630458,-0.00542410519707644,0.0208346546810493
24017,0.0593360273726274,0.0106643832167832,0.0267961033966034,0.0419954640164898,-0.00540408737358468,0.0207408656849390
24018,0.0564988273726274,0.00661978321678322,0.0296595033966034,0.0418064507507671,-0.00538407671393006,0.0206476088743365
24019,0.0550802273726274,0.00661978321678322,0.0310912033966034,0.0416176875481299,-0.00536407355677635,0.0205548823723098
24020,0.0550802273726274,0.00392338321678322,0.0310912033966034,0.0414291729754431,-0.00534407816654409,0.0204626843472712
24021,0.0543709273726274,0.00122698321678322,0.0310912033966034,0.0412409056771432,-0.00532409074562672,0.0203710130223896
24022,0.0550802273726274,-0.000121216783216783,0.0353863033966034,0.0410528843726057,-0.00530411144567532,0.0202798666805498
24023,0.0550802273726274,0.00122698321678322,0.0325229033966034,0.0408651078562058,-0.00528414037841787,0.020189243670298
24024,0.0550802273726274,-0.000121216783216783,0.0325229033966034,0.040677574998847,-0.00526417762182235,0.0200991424112893
24025,0.0536616273726274,-0.000121216783216783,0.0310912033966034,0.0404902847492439,-0.00524422322206951,0.0200095613942945
24026,0.0543709273726274,0.00122698321678322,0.0325229033966034,0.0403032361334882,-0.00522427719459437,0.0199204991777422
24027,0.0557895273726274,0.00122698321678322,0.0325229033966034,0.0401164282546145,-0.00520433952373086,0.0198319543862363
24028,0.0572081273726274,-0.000121216783216783,0.0282278033966034,0.0399298602955931,-0.00518441016095967,0.0197439257105535
24029,0.0557895273726274,0.00257518321678322,0.0296595033966034,0.0397435315252612,-0.00516448902408722,0.0196564119041769
24030,0.0557895273726274,0.00122698321678322,0.0282278033966034,0.0395574413025386,-0.00514457599642455,0.0195694117768610
24031,0.0579174273726274,0.00122698321678322,0.0253644033966034,0.0393715890777019,-0.00512467092503506,0.0194829241891812
24032,0.0600453273726274,0.00527158321678322,0.0196376033966034,0.0391859743956176,-0.00510477361898211,0.01939694804461
24033,0.0621732273726274,0.00796798321678322,0.0153425033966034,0.0390005969043623,-0.00508488384385188,0.0193114822731834
24034,0.0635918273726274,0.0106643832167832,0.0096157033966034,0.0388154563670268,-0.00506500130929212,0.0192265258077492
24035,0.0678476273726274,0.0147089832167832,0.0067523033966034,0.0386305526742528,-0.00504512565282624,0.0191420775577397
24036,0.0713941273726274,0.0160571832167832,0.0038889033966034,0.0384458858589738,-0.00502525642320157,0.0190581363849193
24037,0.0713941273726274,0.0160571832167832,-0.000406196603396604,0.0382614561138486,-0.00500539306560016,0.0189747010830852
24038,0.0721034273726274,0.0214499832167832,-0.0032695966033966,0.0380772638062439,-0.00498553491057418,0.0188917703597423
24039,0.0721034273726274,0.0214499832167832,-0.0075646966033966,0.0378933094866025,-0.00496568116344695,0.0188093428172817
24040,0.0728127273726274,0.0214499832167832,-0.0075646966033966,0.0377095938924,-0.00494583089278275,0.0187274169346505
24041,0.0706848273726274,0.0201017832167832,-0.0075646966033966,0.0375261179503865,-0.00492598302351256,0.0186459910534683
24042,0.0650104273726274,0.0160571832167832,-0.0018378966033966,0.0373428827744169,-0.00490613633844053,0.0185650633735358
24043,0.0572081273726274,0.00931618321678322,0.0038889033966034,0.0371598896525027,-0.00488628948906241,0.0184846319616901
24044,0.0472779273726274,-0.00416581678321678,0.0139108033966034,0.0369771400191642,-0.00486644101988625,0.0184046947754901
24045,0.0352198273726274,-0.0149514167832168,0.0239327033966034,0.0367946354138202,-0.00484658941091146,0.0183252497007439
24046,0.0267082273726274,-0.0230406167832168,0.0325229033966034,0.0366123774288867,-0.00482673313407574,0.0182462945994157
24047,0.0189059273726274,-0.0311298167832168,0.0382497033966034,0.0364303676549365,-0.00480687071063322,0.0181678273604969
24048,0.0125222273726274,-0.0365226167832168,0.0411131033966034,0.0362486076309998,-0.00478700076061757,0.0180898459444478
24049,0.00968502737262737,-0.0378708167832168,0.0425448033966034,0.0360670988036833,-0.00476712204252744,0.0180123484152741
24050,0.00684782737262737,-0.0378708167832168,0.0425448033966034,0.0358858424963297,-0.00474723348044096,0.0179353329597465
24051,0.00755712737262737,-0.0378708167832168,0.0396814033966034,0.0357048398889554,-0.00472733417716227,0.0178587978957403
24052,0.00897572737262737,-0.0365226167832168,0.0368180033966034,0.0355240920087180,-0.00470742341759064,0.0177827416706825
24053,0.00826642737262737,-0.0365226167832168,0.0325229033966034,0.0353435997292026,-0.0046875006674336,0.0177071628510979
24054,0.00826642737262737,-0.0338262167832168,0.0296595033966034,0.0351633637733794,-0.00466756556959219,0.0176320601062179
24055,0.00968502737262737,-0.0338262167832168,0.0239327033966034,0.0349833847158266,-0.00464761793868389,0.0175574321886214
24056,0.0132315273726274,-0.0297816167832168,0.0196376033966034,0.0348036629864201,-0.00462765775370318,0.0174832779124000
24057,0.0153594273726274,-0.0243888167832168,0.0139108033966034,0.0346241988796568,-0.00460768514695749,0.0174095961283538
24058,0.0174873273726274,-0.0216924167832168,0.0110474033966034,0.0344449925686304,-0.00458770038648473,0.0173363856977027
24059,0.0210338273726274,-0.0203442167832168,0.0081840033966034,0.034266044119985,-0.0045677038552118,0.0172636454677709
24060,0.0217431273726274,-0.0149514167832168,0.0053206033966034,0.0340873535086232,-0.00454769603290673,0.0171913742521203
24061,0.0210338273726274,-0.0162996167832168,0.0038889033966034,0.0339089206304527,-0.00452767748092443,0.0171195708146355
24062,0.0231617273726274,-0.0162996167832168,0.0010255033966034,0.0337307453102321,-0.00450764883021173,0.0170482338560797
24063,0.0231617273726274,-0.0149514167832168,0.0038889033966034,0.0335528273062316,-0.00448761077583085,0.0169773620036135
24064,0.0259989273726274,-0.0176478167832168,0.0024572033966034,0.033375166315871,-0.00446756407613882,0.0169069538057501
24065,0.0259989273726274,-0.0136032167832168,-0.000406196603396604,0.0331977619833175,-0.00444750955289822,0.0168370077312642
24066,0.0252896273726274,-0.0122550167832168,0.0024572033966034,0.0330206139068354,-0.00442744808905998,0.0167675221666139
24067,0.0252896273726274,-0.0122550167832168,-0.000406196603396604,0.0328437216427063,-0.00440738062189023,0.0166984954123722
24068,0.0281268273726274,-0.0122550167832168,0.0010255033966034,0.0326670847066974,-0.00438730813563155,0.0166299256816327
24069,0.0281268273726274,-0.0149514167832168,0.0024572033966034,0.0324907025779789,-0.00436723165928591,0.0165618110998970
24070,0.0281268273726274,-0.0136032167832168,0.0010255033966034,0.0323145747057337,-0.00434715226951913,0.0164941497069366
24071,0.0267082273726274,-0.0136032167832168,0.0038889033966034,0.0321387005135614,-0.00432707109449662,0.0164269394601362
24072,0.0267082273726274,-0.0122550167832168,0.0067523033966034,0.0319630793994718,-0.00430698931445991,0.0163601782393172
24073,0.0252896273726274,-0.0149514167832168,0.0110474033966034,0.031787710733427,-0.0042869081599752,0.0162938638569979
24074,0.0252896273726274,-0.0203442167832168,0.0139108033966034,0.0316125938543931,-0.00426682891437233,0.0162279940750786
24075,0.0210338273726274,-0.0257370167832168,0.0167742033966034,0.0314377280664095,-0.00424675292689245,0.0161625666239967
24076,0.0174873273726274,-0.0297816167832168,0.0225010033966034,0.0312631126304937,-0.00422668163607884,0.0160975792218788
24077,0.0139408273726274,-0.0324780167832168,0.0267961033966034,0.031088746750175,-0.00420661659596127,0.0160330295956689
24078,0.0118129273726274,-0.0351744167832168,0.0310912033966034,0.0309146295535980,-0.0041865594985156,0.0159689155057145
24079,0.00968502737262737,-0.0378708167832168,0.0339546033966034,0.0307407600770945,-0.00416651219146729,0.0159052347708450
24080,0.00613852737262737,-0.0405672167832168,0.0396814033966034,0.0305671372514476,-0.00414647669376700,0.0158419852914701
24081,0.00471992737262737,-0.0405672167832168,0.0396814033966034,0.0303937598888908,-0.00412645520966923,0.0157791650711918
24082,0.00401062737262737,-0.0378708167832168,0.0396814033966034,0.0302206266708394,-0.00410645013815498,0.0157167722344597
24083,0.00542922737262737,-0.0378708167832168,0.0368180033966034,0.0300477361397852,-0.00408646407397358,0.0156548050348290
24084,0.0111036273726274,-0.0284334167832168,0.0339546033966034,0.0298750866995184,-0.00406649979983802,0.015593261852338
24085,0.0196152273726274,-0.0203442167832168,0.0253644033966034,0.0297026766283304,-0.00404656026698038,0.0155321411809961
24086,0.0302547273726274,-0.00821041678321678,0.0139108033966034,0.0295305041088729,-0.00402664855941105,0.0154714416034128
24087,0.0401849273726274,0.00527158321678322,0.0038889033966034,0.0293585672732022,-0.00400676784281325,0.0154111617491085
24088,0.0494058273726274,0.0147089832167832,-0.0032695966033966,0.0291868642563957,-0.00398692130319418,0.0153513002419459
24089,0.0557895273726274,0.0241463832167832,-0.0118597966033966,0.0290153932506575,-0.00396711208320803,0.0152918556480526
24090,0.0600453273726274,0.0295391832167832,-0.0104280966033966,0.0288441525530532,-0.00394734322499717,0.0152328264321477
24091,0.0621732273726274,0.0322355832167832,-0.0118597966033966,0.0286731406024661,-0.00392761762467308,0.0151742109282040
24092,0.0614639273726274,0.0362801832167832,-0.0104280966033966,0.0285023560040587,-0.00390793799983372,0.0151160073269188
24093,0.0621732273726274,0.0335837832167832,-0.0089963966033966,0.0283317975419758,-0.00388830686872070,0.0150582136745550
24094,0.0593360273726274,0.0349319832167832,-0.0061329966033966,0.0281614641832276,-0.00386872653961922,0.0150008278777117
24095,0.0586267273726274,0.0322355832167832,-0.000406196603396604,0.0279913550756922,-0.00384919910910418,0.0149438477140277
24096,0.0557895273726274,0.0322355832167832,0.0038889033966034,0.0278214695419539,-0.00382972646540751,0.0148872708502975
24097,0.0529523273726274,0.0281909832167832,0.0067523033966034,0.0276518070701994,-0.0038103102945789,0.0148310948660248
24098,0.0515337273726274,0.0241463832167832,0.0124791033966034,0.0274823673029089,-0.00379095209083646,0.0147753172774678
24099,0.0479872273726274,0.0201017832167832,0.0153425033966034,0.0273131500245662,-0.00377165317296996,0.0147199355606938
24100,0.0430221273726274,0.0160571832167832,0.0196376033966034,0.0271441551481422,-0.00375241470539961,0.0146649471746313
24101,0.0401849273726274,0.0120125832167832,0.0239327033966034,0.0269753826979039,-0.00373323772063144,0.0146103495836253
24102,0.0387663273726274,0.00661978321678322,0.0225010033966034,0.0268068327902613,-0.00371412314217782,0.0145561402780132
24103,0.0366384273726274,0.00527158321678322,0.0253644033966034,0.0266385056180433,-0.00369507180794328,0.0145023167892596
24104,0.0352198273726274,0.00527158321678322,0.0253644033966034,0.0264704014394262,-0.00367608449035085,0.0144488766986606
24105,0.0352198273726274,0.00392338321678322,0.0282278033966034,0.0263025205695555,-0.00365716190855282,0.0143958176440698
24106,0.0352198273726274,0.00257518321678322,0.0296595033966034,0.0261348633751060,-0.00363830473458844,0.0143431373281037
24107,0.0338012273726274,0.00527158321678322,0.0296595033966034,0.0259674302720249,-0.00361951359767885,0.0142908335273350
24108,0.0323826273726274,0.00527158321678322,0.0267961033966034,0.0258002217235189,-0.00360078908526245,0.0142389040985172
24109,0.0330919273726274,0.00527158321678322,0.0267961033966034,0.0256332382363251,-0.00358213173983957,0.0141873469778842
24110,0.0338012273726274,0.00257518321678322,0.0253644033966034,0.0254664803579606,-0.00356354205674794,0.0141361601755045
24111,0.0366384273726274,0.00392338321678322,0.0267961033966034,0.0252999486786251,-0.00354502048659377,0.0140853417701269
24112,0.0394756273726274,0.00661978321678322,0.0239327033966034,0.0251336438389808,-0.00352656743814803,0.0140348899064971
24113,0.0394756273726274,0.00796798321678322,0.0225010033966034,0.0249675665420961,-0.00350818327518965,0.0139848027921773
24114,0.0408942273726274,0.0106643832167832,0.0210693033966034,0.0248017175648967,-0.0034898683072955,0.013935078690903
24115,0.0444407273726274,0.0133607832167832,0.0182059033966034,0.0246360977671678,-0.00347162277830204,0.0138857159134654
24116,0.0465686273726274,0.0187535832167832,0.0139108033966034,0.0244707081020231,-0.00345344685243864,0.0138367128066141
24117,0.0508244273726274,0.0201017832167832,0.0081840033966034,0.0243055496305373,-0.00343534059673564,0.0137880677370140
24118,0.0501151273726274,0.0214499832167832,0.0024572033966034,0.0241406235380926,-0.00341730396296655,0.013739779068277
24119,0.0550802273726274,0.0254945832167832,-0.000406196603396604,0.0239759311490087,-0.00339933677331452,0.0136918451335432
24120,0.0564988273726274,0.0254945832167832,-0.0061329966033966,0.0238114739399464,-0.00338143870836651,0.0136442642085532
24121,0.0572081273726274,0.0281909832167832,-0.0075646966033966,0.0236472535538005,-0.00336360929557265,0.0135970344876864
24122,0.0600453273726274,0.0268427832167832,-0.0132914966033966,0.0234832718121215,-0.00334584790003313,0.0135501540624682
24123,0.0586267273726274,0.0268427832167832,-0.0147231966033966,0.0233195307245961,-0.00332815371947523,0.0135036209015596
24124,0.0557895273726274,0.0254945832167832,-0.0132914966033966,0.0231560324943629,-0.0033105257838858,0.0134574328337109
24125,0.0522430273726274,0.0201017832167832,-0.0075646966033966,0.0229927795149974,-0.00329296296026504,0.0134115875406023
24126,0.0437314273726274,0.0133607832167832,-0.0018378966033966,0.0228297743567185,-0.00327546396576062,0.0133660825659990
24127,0.0366384273726274,0.00257518321678322,0.0081840033966034,0.0226670197413252,-0.00325802739383818,0.0133209153407261
24128,0.0245803273726274,-0.0122550167832168,0.0167742033966034,0.0225045185056192,-0.00324065175628179,0.0132760832200030
24129,0.0146501273726274,-0.0230406167832168,0.0239327033966034,0.0223422735545378,-0.00322333554102437,0.0132315835286858
24130,0.00684782737262737,-0.0324780167832168,0.0296595033966034,0.0221802878079172,-0.00320607727835848,0.0131874136070034
24131,0.00188272737262737,-0.0378708167832168,0.0368180033966034,0.0220185641492133,-0.00318887560249093,0.0131435708513468
24132,-0.00237307262737263,-0.0378708167832168,0.0382497033966034,0.0218571053840195,-0.00317172929866338,0.0131000527496180
24133,-0.00450097262737263,-0.0392190167832168,0.0396814033966034,0.0216959142098513,-0.00315463733164892,0.0130568569091608
24134,-0.00308237262737263,-0.0392190167832168,0.0368180033966034,0.0215349931962170,-0.00313759885841786,0.0130139810728225
24135,-0.00379167262737263,-0.0365226167832168,0.0353863033966034,0.0213743447752206,-0.00312061323195701,0.0129714231221600
24136,-0.000245172627372627,-0.0338262167832168,0.0339546033966034,0.0212139712412256,-0.00310367999857023,0.0129291810717429
24137,0.00117342737262737,-0.0311298167832168,0.0310912033966034,0.0210538747568876,-0.00308679888819472,0.0128872530599947
24138,0.00471992737262737,-0.0284334167832168,0.0267961033966034,0.0208940573640827,-0.00306996980052672,0.0128456373380542
24139,0.00471992737262737,-0.0230406167832168,0.0196376033966034,0.0207345209972854,-0.00305319278928442,0.0128043322531964
24140,0.00684782737262737,-0.0203442167832168,0.0153425033966034,0.0205752674957193,-0.00303646804367708,0.0127633362243408
24141,0.00968502737262737,-0.0162996167832168,0.0124791033966034,0.0204162986135473,-0.00301979586754588,0.0127226477136024
24142,0.0132315273726274,-0.0109068167832168,0.0096157033966034,0.0202576160315290,-0.00300317665803880,0.0126822652013022
24143,0.0139408273726274,-0.0109068167832168,0.0067523033966034,0.0200992213718619,-0.00298661088428534,0.0126421871669090
24144,0.0132315273726274,-0.0095586167832168,0.0038889033966034,0.0199411162117958,-0.00297009906932998,0.0126024120729465
24145,0.0153594273726274,-0.00821041678321678,0.0038889033966034,0.0197833020916118,-0.00295364177904943,0.0125629383503812
24146,0.0153594273726274,-0.0095586167832168,0.0053206033966034,0.0196257805191698,-0.00293723961619106,0.0125237643884596
24147,0.0167780273726274,-0.00821041678321678,0.0024572033966034,0.0194685529749454,-0.00292089321720470,0.0124848885309708
24148,0.0160687273726274,-0.00821041678321678,0.0024572033966034,0.0193116209173090,-0.00290460325093643,0.0124463090744849
24149,0.0153594273726274,-0.00821041678321678,0.0010255033966034,0.0191549857858442,-0.00288837041732215,0.0124080242641181
24150,0.0153594273726274,-0.00821041678321678,0.0010255033966034,0.0189986490017251,-0.00287219544608078,0.0123700322883072
24151,0.0181966273726274,-0.0095586167832168,-0.0018378966033966,0.0188426119676019,-0.00285607909680392,0.0123323312740766
24152,0.0189059273726274,-0.0095586167832168,-0.0018378966033966,0.0186868760714045,-0.00284002216090768,0.0122949192813152
24153,0.0174873273726274,-0.0109068167832168,-0.000406196603396604,0.0185314426933280,-0.00282402546498086,0.0122577942970516
24154,0.0181966273726274,-0.0122550167832168,-0.000406196603396604,0.0183763132103680,-0.00280808987506407,0.0122209542336827
24155,0.0210338273726274,-0.0109068167832168,0.0024572033966034,0.0182214889981590,-0.00279221630139406,0.0121843969321458
24156,0.0196152273726274,-0.0122550167832168,0.0038889033966034,0.0180669714350165,-0.00277640570175102,0.0121481201685499
24157,0.0174873273726274,-0.0162996167832168,0.0096157033966034,0.0179127619064659,-0.00276065908433978,0.0121121216647602
24158,0.0125222273726274,-0.0176478167832168,0.0124791033966034,0.0177588618026678,-0.00274497751532680,0.0120763991044213
24159,0.0125222273726274,-0.0189960167832168,0.0182059033966034,0.0176052725070218,-0.00272936213103269,0.0120409501539217
24160,0.0118129273726274,-0.0230406167832168,0.0239327033966034,0.0174519953830549,-0.00271381415012434,0.0120057724868185
24161,0.00755712737262737,-0.0270852167832168,0.0267961033966034,0.0172990317652265,-0.00269833488673799,0.0119708638107331
24162,0.00471992737262737,-0.0284334167832168,0.0325229033966034,0.0171463829497326,-0.0026829257673266,0.0119362218942448
24163,0.00330132737262737,-0.0297816167832168,0.0382497033966034,0.0169940501811433,-0.00266758834750690,0.0119018445927938
24164,-0.000245172627372627,-0.0311298167832168,0.0382497033966034,0.0168420346380595,-0.00265232432425004,0.0118677298745842
24165,-0.000245172627372627,-0.0297816167832168,0.0425448033966034,0.0166903374207265,-0.00263713554341591,0.0118338758430224
24166,0.00259202737262737,-0.0284334167832168,0.0396814033966034,0.0165389595425661,-0.00262202400263106,0.0118002807517393
24167,0.00542922737262737,-0.0230406167832168,0.0368180033966034,0.0163879019305250,-0.00260699184718222,0.0117669430107103
24168,0.0118129273726274,-0.0162996167832168,0.0325229033966034,0.0162371654366885,-0.00259204135613190,0.0117338611810024
24169,0.0217431273726274,-0.00551401678321678,0.0239327033966034,0.0160867508611622,-0.00257717491586241,0.0117010339576528
24170,0.0316733273726274,0.00796798321678322,0.0124791033966034,0.0159366589881774,-0.00256239497872025,0.0116684601401863
24171,0.0387663273726274,0.0174053832167832,0.0010255033966034,0.0157868906334645,-0.00254770400769223,0.0116361385882968
24172,0.0472779273726274,0.0254945832167832,-0.0075646966033966,0.0156374466943176,-0.00253310441549385,0.0116040681661573
24173,0.0508244273726274,0.0295391832167832,-0.0104280966033966,0.015488328195249,-0.00251859851017557,0.0115722476872210
24174,0.0536616273726274,0.0335837832167832,-0.0118597966033966,0.0153395363255585,-0.00250418845376535,0.0115406758723722
24175,0.0543709273726274,0.0335837832167832,-0.0147231966033966,0.0151910724658773,-0.00248987623394736,0.0115093513253800
24176,0.0557895273726274,0.0349319832167832,-0.0161548966033966,0.0150429382041774,-0.00247566364691446,0.0114782725187346
24177,0.0536616273726274,0.0335837832167832,-0.0147231966033966,0.0148951353444304,-0.00246155228906656,0.0114474377834373
24178,0.0522430273726274,0.0335837832167832,-0.0104280966033966,0.0147476659088960,-0.00244754355476115,0.0114168453052161
24179,0.0508244273726274,0.0322355832167832,-0.0061329966033966,0.0146005321342846,-0.00243363863778805,0.0113864931321134
24180,0.0486965273726274,0.0295391832167832,-0.0018378966033966,0.0144537364644881,-0.00241983853563723,0.0113563791924542
24181,0.0458593273726274,0.0268427832167832,0.0024572033966034,0.0143072815418403,-0.00240614405749073,0.0113265013177579
24182,0.0430221273726274,0.0241463832167832,0.0038889033966034,0.0141611701961697,-0.0023925558364045,0.0112968572656487
24183,0.0373477273726274,0.0227981832167832,0.0110474033966034,0.0140154054304218,-0.00237907434335196,0.0112674447407867
24184,0.0345105273726274,0.0201017832167832,0.0153425033966034,0.0138699904021151,-0.00236569990033580,0.0112382614167872
24185,0.0295454273726274,0.0174053832167832,0.0167742033966034,0.0137249284018551,-0.00235243269256802,0.0112093049611045
24186,0.0288361273726274,0.0147089832167832,0.0196376033966034,0.0135802228323374,-0.00233927278158054,0.0111805730574429
24187,0.0274175273726274,0.0133607832167832,0.0196376033966034,0.0134358771915123,-0.00232622011926643,0.0111520634212441
24188,0.0267082273726274,0.0120125832167832,0.0196376033966034,0.0132918950618713,-0.00231327456052377,0.0111237738092403
24189,0.0245803273726274,0.0133607832167832,0.0210693033966034,0.0131482801038962,-0.00230043587217409,0.0110957020245559
24190,0.0224524273726274,0.0106643832167832,0.0210693033966034,0.0130050360495061,-0.00228770373768993,0.0110678459198307
24191,0.0196152273726274,0.0106643832167832,0.0239327033966034,0.0128621666930524,-0.00227507776052488,0.01104020340133
24192,0.0181966273726274,0.0106643832167832,0.0239327033966034,0.0127196758801082,-0.00226255746837439,0.0110127724350323
24193,0.0174873273726274,0.00931618321678322,0.0267961033966034,0.0125775674964989,-0.00225014231697028,0.0109855510541984
24194,0.0174873273726274,0.0106643832167832,0.0282278033966034,0.0124358454605171,-0.00223783169247789,0.0109585373679278
24195,0.0174873273726274,0.0120125832167832,0.0282278033966034,0.0122945137192980,-0.00222562491203034,0.0109317295702099
24196,0.0196152273726274,0.0106643832167832,0.0282278033966034,0.0121535762488676,-0.00221352122146849,0.0109051259469944
24197,0.0210338273726274,0.0120125832167832,0.0267961033966034,0.0120130370581086,-0.00220151979261487,0.0108787248788122
24198,0.0224524273726274,0.0133607832167832,0.0225010033966034,0.0118729001963973,-0.00218961972147814,0.0108525248379558
24199,0.0245803273726274,0.0160571832167832,0.0210693033966034,0.0117331697629539,-0.00217782002412905,0.0108265243792304
24200,0.0288361273726274,0.0174053832167832,0.0139108033966034,0.0115938499176596,-0.00216611962838542,0.0108007221247719
24201,0.0316733273726274,0.0201017832167832,0.0110474033966034,0.0114549448955468,-0.00215451736316865,0.0107751167439184
24202,0.0338012273726274,0.0268427832167832,0.0038889033966034,0.0113164590244701,-0.0021430119455316,0.0107497069286309
24203,0.0345105273726274,0.0254945832167832,-0.000406196603396604,0.0111783967415513,-0.00213160196349563,0.0107244913659472
24204,0.0373477273726274,0.0254945832167832,-0.0018378966033966,0.0110407626057025,-0.00212028585981826,0.0106994687104333
24205,0.0401849273726274,0.0295391832167832,-0.0047012966033966,0.0109035613086768,-0.00210906192320988,0.010674637561579
24206,0.0401849273726274,0.0295391832167832,-0.0061329966033966,0.0107667976873419,-0.00209792828234353,0.0106499964481145
24207,0.0408942273726274,0.0295391832167832,-0.0089963966033966,0.0106304767347260,-0.00208688289800174,0.0106255438157865
24208,0.0359291273726274,0.0281909832167832,-0.0089963966033966,0.0104946036049381,-0.00207592355801649,0.0106012780161225
24209,0.0316733273726274,0.0214499832167832,-0.0032695966033966,0.0103591836080422,-0.00206504788012387,0.0105771972996439
24210,0.0231617273726274,0.0120125832167832,0.0024572033966034,0.0102242221926812,-0.0020542533273893,0.0105532998214387
24211,0.0111036273726274,-0.00146941678321678,0.0124791033966034,0.0100897249154710,-0.00204353724179067,0.0105295836635441
24212,-0.00237307262737263,-0.0136032167832168,0.0196376033966034,0.00995569739520516,-0.00203289689642489,0.0105060468711724
24213,-0.0108846726273726,-0.0243888167832168,0.0253644033966034,0.00982214525382847,-0.00202232955935394,0.0104826874953633
24214,-0.0186869726273726,-0.0338262167832168,0.0310912033966034,0.00968907405520436,-0.00201183255884726,0.0104595036336574
24215,-0.0236520726273726,-0.0392190167832168,0.0339546033966034,0.00955648925294243,-0.00200140334210548,0.0104364934643413
24216,-0.0264892726273726,-0.0405672167832168,0.0353863033966034,0.0094243961507162,-0.00199103952187810,0.0104136552732751
24217,-0.0293264726273726,-0.0392190167832168,0.0325229033966034,0.00929279987409098,-0.00198073890585377,0.0103909874708304
24218,-0.0286171726273726,-0.0405672167832168,0.0296595033966034,0.00916170535214733,-0.00197049950882309,0.0103684885959719
24219,-0.0286171726273726,-0.0392190167832168,0.0282278033966034,0.00903111730767509,-0.00196031955506354,0.010346157308966
24220,-0.0293264726273726,-0.0378708167832168,0.0253644033966034,0.00890104025422339,-0.00195019747746485,0.0103239923791446
24221,-0.0286171726273726,-0.0324780167832168,0.0253644033966034,0.00877147849608742,-0.00194013191246366,0.0103019926731618
24222,-0.0243613726273726,-0.0311298167832168,0.0239327033966034,0.00864243613025185,-0.00193012168799398,0.0102801571457223
24223,-0.0229427726273726,-0.0243888167832168,0.0167742033966034,0.00851391705396553,-0.00192016580585007,0.0102584848308030
24224,-0.0186869726273726,-0.0230406167832168,0.0139108033966034,0.00838592497843709,-0.00191026342125549,0.0102369748269409
24225,-0.0179776726273726,-0.0189960167832168,0.0096157033966034,0.00825846344473227,-0.00190041382196624,0.0102156262751031
24226,-0.0137218726273726,-0.0176478167832168,0.0096157033966034,0.00813153583917842,-0.00189061640970155,0.0101944383365560
24227,-0.0137218726273726,-0.0162996167832168,0.0081840033966034,0.00800514540778628,-0.00188087068529925,0.0101734101771620
24228,-0.0123032726273726,-0.0122550167832168,0.0096157033966034,0.00787929526870916,-0.00187117623666434,0.0101525409590904
24229,-0.0123032726273726,-0.0109068167832168,0.0067523033966034,0.00775398842102478,-0.00186153272671730,0.0101318298374732
24230,-0.00946607262737263,-0.0095586167832168,0.0067523033966034,0.0076292277508197,-0.00185193988041098,0.0101112759575534
24231,-0.00875677262737263,-0.0122550167832168,0.0038889033966034,0.00750501603800556,-0.00184239747500629,0.0100908784493610
24232,-0.0108846726273726,-0.0122550167832168,0.0038889033966034,0.00738135596362221,-0.00183290533779728,0.0100706364204097
24233,-0.0137218726273726,-0.0095586167832168,0.0053206033966034,0.00725825011199382,-0.00182346334849178,0.0100505489493824
24234,-0.0130125726273726,-0.0095586167832168,0.0053206033966034,0.00713570096528823,-0.00181407143879832,0.0100306150842648
24235,-0.0144311726273726,-0.00821041678321678,0.0038889033966034,0.0070137108961137,-0.0018047295873567,0.0100108338439404
24236,-0.0130125726273726,-0.0109068167832168,0.0053206033966034,0.0068922821635419,-0.00179543781513390,0.00999120421879422
24237,-0.0130125726273726,-0.0095586167832168,0.0067523033966034,0.00677141691280215,-0.00178619618501014,0.00997172517082284
24238,-0.0130125726273726,-0.0122550167832168,0.0096157033966034,0.00665111717717715,-0.00177700480462377,0.00995239563769794
24239,-0.0158497726273726,-0.0136032167832168,0.0110474033966034,0.00653138487916074,-0.00176786383107833,0.00993321454177388
24240,-0.0165590726273726,-0.0162996167832168,0.0139108033966034,0.00641222182744828,-0.00175877347844288,0.00991418080156647
24241,-0.0201055726273726,-0.0203442167832168,0.0167742033966034,0.00629362970951473,-0.00174973402897685,0.0098952933442198
24242,-0.0215241726273726,-0.0230406167832168,0.0182059033966034,0.00617561008149506,-0.00174074584807940,0.0098765511189611
24243,-0.0229427726273726,-0.0297816167832168,0.0225010033966034,0.00605816435708173,-0.00173180940296321,0.00985795311104928
24244,-0.0250706726273726,-0.0284334167832168,0.0267961033966034,0.00594129379739876,-0.00172292528365608,0.00983949835720597
24245,-0.0271985726273726,-0.0338262167832168,0.0267961033966034,0.0058249995018525,-0.00171409422213976,0.00982118596351786
24246,-0.0286171726273726,-0.0324780167832168,0.0310912033966034,0.00570928239848932,-0.00170531710683256,0.00980301512234943
24247,-0.0279078726273726,-0.0365226167832168,0.0353863033966034,0.0055941432350849,-0.00169659499381251,0.00978498512727717
24248,-0.0286171726273726,-0.0365226167832168,0.0368180033966034,0.00547958257390478,-0.00168792911664333,0.00976709539000072
24249,-0.0279078726273726,-0.0324780167832168,0.0353863033966034,0.00536560079038087,-0.00167932089340667,0.00974934545675884
24250,-0.0243613726273726,-0.0284334167832168,0.0310912033966034,0.00525219807496927,-0.00167077192488752,0.0097317350153503
24251,-0.0193962726273726,-0.0230406167832168,0.0253644033966034,0.00513937444112873,-0.00166228398018831,0.00971426388781548
24252,-0.0101753726273726,-0.0136032167832168,0.0182059033966034,0.00502712974407389,-0.00165385897209946,0.00969693200976743
24253,0.00117342737262737,-0.00146941678321678,0.0081840033966034,0.00491546371348783,-0.00164549892176087,0.00967973939884467
24254,0.00897572737262737,0.0120125832167832,-0.000406196603396604,0.00480437599970384,-0.00163720590888960,0.00966268611376894
24255,0.0196152273726274,0.0201017832167832,-0.0061329966033966,0.00469386622674284,-0.00162898201036715,0.00964577220796343
24256,0.0245803273726274,0.0268427832167832,-0.0132914966033966,0.0045839340443677,-0.00162082923882649,0.00962899768514795
24257,0.0259989273726274,0.0308873832167832,-0.0132914966033966,0.00447457917278572,-0.00161274949241295,0.00961236246234986
24258,0.0295454273726274,0.0349319832167832,-0.0147231966033966,0.00436580143412044,-0.00160474451804711,0.00959586634379178
24259,0.0302547273726274,0.0322355832167832,-0.0132914966033966,0.0042576007716324,-0.00159681588632713,0.00957950900763377
24260,0.0267082273726274,0.0308873832167832,-0.0132914966033966,0.00414997726109827,-0.00158896497946752,0.00956329000260345
24261,0.0259989273726274,0.0335837832167832,-0.0104280966033966,0.00404293111312335,-0.00158119299087729,0.00954720875006416
24262,0.0231617273726274,0.0322355832167832,-0.0047012966033966,0.0039364626666326,-0.00157350092706575,0.00953126455152103
24263,0.0217431273726274,0.0295391832167832,-0.0018378966033966,0.00383057237892904,-0.00156588960768541,0.00951545660403732
24264,0.0196152273726274,0.0268427832167832,0.0010255033966034,0.00372526081550403,-0.00155835966976494,0.00949978402108874
24265,0.0181966273726274,0.0227981832167832,0.0053206033966034,0.00362052864008934,-0.00155091157939106,0.00948424585292258
24266,0.0139408273726274,0.0201017832167832,0.0110474033966034,0.00351637660446103,-0.00154354564804610,0.00946884110642168
24267,0.0111036273726274,0.0187535832167832,0.0153425033966034,0.00341280553579055,-0.00153626204987628,0.00945356876842865
24268,0.00826642737262737,0.0160571832167832,0.0153425033966034,0.00330981632080831,-0.00152906083663146,0.00943842783055272
24269,0.00684782737262737,0.0147089832167832,0.0153425033966034,0.00320740988971901,-0.00152194194981098,0.00942341730754814
24270,0.00471992737262737,0.0120125832167832,0.0210693033966034,0.00310558720280828,-0.00151490523187772,0.00940853624728656
24271,0.00259202737262737,0.00931618321678322,0.0182059033966034,0.00300434923949566,-0.00150795043793745,0.00939378373924533
24272,0.00188272737262737,0.00931618321678322,0.0210693033966034,0.00290369698836416,-0.00150107724788316,0.00937915892348955
24273,0.00117342737262737,0.00796798321678322,0.0196376033966034,0.0028036314386563,-0.00149428527667668,0.00936466099619232
24274,-0.000954472627372627,0.00661978321678322,0.0182059033966034,0.00270415357397159,-0.00148757408137063,0.00935028921119892
24275,0.000464127372627372,0.00931618321678322,0.0182059033966034,0.00260526436718540,-0.00148094316580187,0.00933604287812912
24276,0.00188272737262737,0.00931618321678322,0.0196376033966034,0.00250696477781431,-0.00147439198155983,0.00932192135899561
24277,0.00117342737262737,0.00931618321678322,0.0196376033966034,0.00240925575403218,-0.00146791992476394,0.00930792406778826
24278,0.000464127372627372,0.0106643832167832,0.0196376033966034,0.00231213823615277,-0.00146152633237506,0.0092940504730243
24279,-0.000245172627372627,0.0106643832167832,0.0196376033966034,0.00221561315692474,-0.00145521047943768,0.00928030009980347
24280,-0.000954472627372627,0.0120125832167832,0.0196376033966034,0.00211968143888379,-0.00144897157585604,0.00926667253037902
24281,0.00117342737262737,0.0106643832167832,0.0153425033966034,0.00202434399194661,-0.00144280876316985,0.00925316740275047
24282,0.00542922737262737,0.0120125832167832,0.0124791033966034,0.00192960171565560,-0.00143672111272641,0.00923978440381679
24283,0.00542922737262737,0.0174053832167832,0.0096157033966034,0.00183545550876901,-0.00143070762292103,0.00922652325560689
24284,0.00684782737262737,0.0201017832167832,0.0067523033966034,0.00174190628178723,-0.00142476720945320,0.00921338369854284
24285,0.00968502737262737,0.0241463832167832,0.0010255033966034,0.00164895496702622,-0.00141889868766703,0.00920036547420791
24286,0.00968502737262737,0.0241463832167832,-0.0018378966033966,0.0015566025274629,-0.00141310075349467,0.0091874683056419
24287,0.0118129273726274,0.0295391832167832,-0.0047012966033966,0.00146484996582220,-0.00140737196765838,0.00917469187565789
24288,0.0160687273726274,0.0322355832167832,-0.0061329966033966,0.00137369833390567,-0.0014017107408035,0.00916203580763068
24289,0.0181966273726274,0.0322355832167832,-0.0075646966033966,0.00128314874510132,-0.00139611531723415,0.00914949965122874
24290,0.0181966273726274,0.0349319832167832,-0.0118597966033966,0.00119320238958451,-0.00139058376097665,0.0091370828711122
24291,0.0153594273726274,0.0322355832167832,-0.0118597966033966,0.00110386054486149,-0.00138511394742965,0.00912478483513571
